0.0	0.054660015	0.9174077	
1.0E-4	0.054660015	0.9174077	
2.0E-4	0.054660015	0.9174077	
3.0E-4	0.054660015	0.9174077	
4.0E-4	0.05466419	0.9173994	
5.0E-4	0.054671675	0.91738456	
6.0E-4	0.05468176	0.91736454	
7.0E-4	0.05469385	0.9173405	
8.0E-4	0.05470747	0.9173134	
9.0E-4	0.054722235	0.91728395	
0.001	0.05473782	0.9172528	
0.0011	0.054753974	0.91722035	
0.0012	0.05477049	0.9171872	
0.0013	0.054787196	0.91715354	
0.0014	0.05480397	0.9171197	
0.0015	0.0548207	0.9170858	
0.0016	0.054837305	0.9170521	
0.0017	0.05485372	0.9170187	
0.0018	0.054869886	0.9169857	
0.0019	0.054885775	0.9169532	
0.002	0.054901354	0.9169212	
0.0021	0.054916598	0.91688985	
0.0022	0.054931495	0.9168591	
0.0023	0.05494603	0.916829	
0.0024	0.054960206	0.9167996	
0.0025	0.054974012	0.9167708	
0.0026	0.054987453	0.91674274	
0.0027	0.055000525	0.9167154	
0.0028	0.05501324	0.9166887	
0.0029	0.055025592	0.9166627	
0.003	0.0550376	0.9166373	
0.0031	0.055049255	0.9166126	
0.0032	0.055060577	0.91658854	
0.0033	0.05507157	0.9165651	
0.0034	0.05508224	0.91654235	
0.0035	0.05509259	0.9165201	
0.0036	0.05510264	0.91649854	
0.0037	0.055112388	0.91647756	
0.0038	0.055121846	0.9164571	
0.0039	0.055131022	0.9164372	
0.004	0.055139925	0.91641784	
0.0041	0.055148557	0.916399	
0.0042	0.055156935	0.9163807	
0.0043	0.055165056	0.91636294	
0.0044	0.055172935	0.9163456	
0.0045	0.05518058	0.9163288	
0.0046	0.055187993	0.9163124	
0.0047	0.05519518	0.9162965	
0.0048	0.055202153	0.916281	
0.0049	0.055208914	0.9162659	
0.005	0.05521547	0.9162513	
0.0051	0.05522183	0.91623706	
0.0052	0.055227995	0.9162232	
0.0053	0.055980835	0.9148751	
0.0054	0.057698082	0.91210294	
0.0055	0.060553137	0.9079222	
0.0056	0.06463395	0.90243345	
0.0057	0.06993118	0.89578795	
0.0058	0.07635083	0.8881567	
0.0059	0.08374308	0.8797072	
0.006	0.09193622	0.87058735	
0.0061	0.100767806	0.8609167	
0.0062	0.110109106	0.8507816	
0.0063	0.119882174	0.8402335	
0.0064	0.13007048	0.8292892	
0.0065	0.14072523	0.81793296	
0.0066	0.15197022	0.80611956	
0.0067	0.1640078	0.7937781	
0.0068	0.17712958	0.78081656	
0.0069	0.19173512	0.767126	
0.007	0.20836286	0.75258523	
0.0071	0.22773813	0.7370644	
0.0072	0.25084224	0.7204278	
0.0073	0.27900138	0.70252544	
0.0074	0.3139713	0.6831364	
0.0075	0.35793087	0.6616814	
0.0076	0.41315147	0.6357581	
0.0077	0.48090413	0.5937461	
0.0078	0.55931664	0.50542337	
0.0079	0.64153725	0.40038067	
0.008	0.71786195	0.31420982	
0.0081	0.7816773	0.24638504	
0.0082	0.83199626	0.19317855	
0.0083	0.87088317	0.15145895	
0.0084	0.90075827	0.11874899	
0.0085	0.9236514	0.093103684	
0.0086	0.9411586	0.07299757	
0.0087	0.9545098	0.057234645	
0.0088	0.96464217	0.044877335	
0.0089	0.9722601	0.03519086	
0.009	0.9778803	0.027599705	
0.0091	0.9818619	0.021653702	
0.0092	0.98442316	0.017001878	
0.0093	0.9856459	0.013372717	
0.0094	0.9854673	0.010560086	
0.0095	0.98366296	0.008414591	
0.0096	0.97982836	0.0068406123	
0.0097	0.9733724	0.0057993005	
0.0098	0.96355015	0.0053155567	
0.0099	0.94956744	0.0054753404	
0.01	0.93079	0.006365356	
0.0101	0.90705967	0.007907883	
0.0102	0.8790477	0.00980643	
0.0103	0.8484727	0.01182047	
0.0104	0.81791496	0.013876393	
0.0105	0.7900337	0.015933322	
0.0106	0.7665889	0.017932374	
0.0107	0.748147	0.019822732	
0.0108	0.7344544	0.021574153	
0.0109	0.7248982	0.023171563	
0.011	0.718807	0.024606926	
0.0111	0.7155949	0.025873493	
0.0112	0.71480274	0.026962638	
0.0113	0.7160839	0.02786251	
0.0114	0.7191711	0.028557813	
0.0115	0.7238426	0.029030345	
0.0116	0.7298965	0.029260485	
0.0117	0.7371323	0.029230025	
0.0118	0.7453392	0.028926719	
0.0119	0.754289	0.02835022	
0.012	0.7637318	0.02751794	
0.0121	0.7733968	0.026468433	
0.0122	0.78299665	0.025260048	
0.0123	0.7922372	0.023964532	
0.0124	0.8008309	0.022657633	
0.0125	0.808513	0.021409903	
0.0126	0.8150576	0.020280173	
0.0127	0.8202907	0.019312385	
0.0128	0.8241001	0.018535044	
0.0129	0.8264408	0.017962152	
0.013	0.8273373	0.017594697	
0.0131	0.82688284	0.017422337	
0.0132	0.82523525	0.017425379	
0.0133	0.82260823	0.017577171	
0.0134	0.8192572	0.017846873	
0.0135	0.8154593	0.018202242	
0.0136	0.81149095	0.01861203	
0.0137	0.807605	0.019047702	
0.0138	0.8040131	0.01948442	
0.0139	0.8008745	0.019901492	
0.014	0.7982937	0.020282421	
0.0141	0.7963239	0.020614726	
0.0142	0.79497516	0.020889683	
0.0143	0.7942233	0.021102007	
0.0144	0.79401946	0.021249581	
0.0145	0.79429746	0.021333158	
0.0146	0.7949803	0.021356085	
0.0147	0.79598504	0.021323988	
0.0148	0.7972267	0.021244379	
0.0149	0.7986215	0.021126216	
0.015	0.8000895	0.020979388	
0.0151	0.80155694	0.020814154	
0.0152	0.8029586	0.020640602	
0.0153	0.80423903	0.02046813	
0.0154	0.8053541	0.020305026	
0.0155	0.80627203	0.020158134	
0.0156	0.8069732	0.020032652	
0.0157	0.8074504	0.019932043	
0.0158	0.8077078	0.019858073	
0.0159	0.80775964	0.019810928	
0.016	0.80762875	0.019789413	
0.0161	0.8073444	0.019791204	
0.0162	0.8069399	0.019813126	
0.0163	0.8064507	0.019851433	
0.0164	0.8059121	0.019902078	
0.0165	0.80535734	0.019960964	
0.0166	0.80481625	0.020024141	
0.0167	0.804314	0.020087985	
0.0168	0.80387044	0.020149326	
0.0169	0.80349976	0.020205528	
0.017	0.8032108	0.020254545	
0.0171	0.8030069	0.020294936	
0.0172	0.802887	0.020325856	
0.0173	0.8028461	0.020347016	
0.0174	0.8028759	0.020358626	
0.0175	0.8029659	0.020361323	
0.0176	0.8031041	0.020356096	
0.0177	0.8032778	0.020344187	
0.0178	0.80347407	0.020327006	
0.0179	0.8036808	0.020306043	
0.018	0.8038866	0.020282786	
0.0181	0.80408186	0.02025865	
0.0182	0.80425847	0.020234916	
0.0183	0.80441034	0.020212684	
0.0184	0.80453324	0.020192843	
0.0185	0.8046249	0.020176051	
0.0186	0.80468494	0.020162737	
0.0187	0.80471426	0.020153105	
0.0188	0.8047155	0.02014715	
0.0189	0.80469203	0.020144695	
0.019	0.8046482	0.020145409	
0.0191	0.80458874	0.020148851	
0.0192	0.8045185	0.020154504	
0.0193	0.8044423	0.020161813	
0.0194	0.8043645	0.020170212	
0.0195	0.8042893	0.020179152	
0.0196	0.8042198	0.020188132	
0.0197	0.8041588	0.020196712	
0.0198	0.8041081	0.02020453	
0.0199	0.80406886	0.020211298	
0.02	0.80404156	0.02021683	
0.0201	0.804026	0.02022101	
0.0202	0.80402136	0.020223811	
0.0203	0.80402654	0.020225272	
0.0204	0.80404	0.02022549	
0.0205	0.8040601	0.020224614	
0.0206	0.80408496	0.020222826	
0.0207	0.80411273	0.020220328	
0.0208	0.8041418	0.020217331	
0.0209	0.80417055	0.020214044	
0.021	0.80419767	0.020210661	
0.0211	0.804222	0.02020736	
0.0212	0.80424273	0.02020429	
0.0213	0.8042593	0.020201571	
0.0214	0.80427146	0.02019929	
0.0215	0.8042792	0.020197501	
0.0216	0.80428267	0.020196227	
0.0217	0.80428225	0.020195467	
0.0218	0.8042785	0.020195192	
0.0219	0.804272	0.02019535	
0.022	0.80426335	0.020195883	
0.0221	0.80425334	0.020196714	
0.0222	0.8042426	0.020197766	
0.0223	0.8042317	0.02019896	
0.0224	0.8042212	0.020200219	
0.0225	0.8042116	0.020201476	
0.0226	0.8042033	0.020202668	
0.0227	0.80419636	0.020203747	
0.0228	0.8041911	0.020204674	
0.0229	0.8041875	0.020205425	
0.023	0.8041855	0.020205984	
0.0231	0.8041851	0.02020635	
0.0232	0.804186	0.02020653	
0.0233	0.804188	0.020206537	
0.0234	0.80419093	0.020206394	
0.0235	0.8041945	0.020206127	
0.0236	0.80419844	0.020205766	
0.0237	0.80420256	0.020205338	
0.0238	0.80420655	0.020204872	
0.0239	0.8042103	0.020204399	
0.024	0.80421364	0.020203939	
0.0241	0.80421644	0.020203514	
0.0242	0.8042187	0.020203141	
0.0243	0.8042203	0.02020283	
0.0244	0.80422133	0.02020259	
0.0245	0.80422175	0.020202423	
0.0246	0.8042216	0.020202326	
0.0247	0.804221	0.020202296	
0.0248	0.80422	0.020202328	
0.0249	0.80421877	0.020202408	
0.025	0.8042174	0.020202529	
0.0251	0.80421585	0.020202681	
0.0252	0.80421436	0.02020285	
0.0253	0.80421287	0.020203028	
0.0254	0.80421156	0.020203203	
0.0255	0.8042104	0.020203369	
0.0256	0.8042095	0.020203516	
0.0257	0.80420876	0.020203644	
0.0258	0.8042083	0.020203745	
0.0259	0.80420804	0.02020382	
0.026	0.80420804	0.020203868	
0.0261	0.80420816	0.020203888	
0.0262	0.80420846	0.020203887	
0.0263	0.8042089	0.020203864	
0.0264	0.8042094	0.020203825	
0.0265	0.80420995	0.020203771	
0.0266	0.80421054	0.020203711	
0.0267	0.8042111	0.020203644	
0.0268	0.8042116	0.02020358	
0.0269	0.8042121	0.020203516	
0.027	0.80421245	0.020203456	
0.0271	0.80421275	0.020203406	
0.0272	0.804213	0.020203363	
0.0273	0.8042131	0.020203331	
0.0274	0.80421317	0.02020331	
0.0275	0.8042131	0.020203296	
0.0276	0.80421305	0.020203294	
0.0277	0.80421287	0.0202033	
0.0278	0.8042127	0.020203311	
0.0279	0.8042125	0.02020333	
0.028	0.8042123	0.02020335	
0.0281	0.8042121	0.020203374	
0.0282	0.80421185	0.0202034	
0.0283	0.8042117	0.020203425	
0.0284	0.80421156	0.020203447	
0.0285	0.80421144	0.020203467	
0.0286	0.8042113	0.020203484	
0.0287	0.80421126	0.0202035	
0.0288	0.8042112	0.020203508	
0.0289	0.8042112	0.020203514	
0.029	0.80421126	0.020203518	
0.0291	0.8042113	0.020203516	
0.0292	0.8042114	0.020203512	
0.0293	0.80421144	0.020203507	
0.0294	0.8042115	0.0202035	
0.0295	0.8042116	0.02020349	
0.0296	0.8042117	0.02020348	
0.0297	0.80421174	0.020203471	
0.0298	0.8042118	0.020203464	
0.0299	0.80421185	0.020203454	
0.03	0.8042119	0.020203449	
0.0301	0.8042119	0.020203443	
0.0302	0.8042119	0.020203438	
0.0303	0.8042119	0.020203436	
0.0304	0.8042119	0.020203434	
0.0305	0.8042119	0.020203434	
0.0306	0.8042119	0.020203434	
0.0307	0.80421185	0.020203436	
0.0308	0.80421185	0.02020344	
0.0309	0.8042118	0.020203441	
0.031	0.8042118	0.020203445	
0.0311	0.80421174	0.020203449	
0.0312	0.80421174	0.020203453	
0.0313	0.80421174	0.020203454	
0.0314	0.8042117	0.020203458	
0.0315	0.8042117	0.02020346	
0.0316	0.8042117	0.020203462	
0.0317	0.8042117	0.020203464	
0.0318	0.8042117	0.020203464	
0.0319	0.8042117	0.020203466	
0.032	0.8042117	0.020203464	
0.0321	0.8042117	0.020203464	
0.0322	0.8042117	0.020203464	
0.0323	0.80421174	0.020203462	
0.0324	0.80421174	0.02020346	
0.0325	0.80421174	0.02020346	
0.0326	0.80421174	0.020203458	
0.0327	0.80421174	0.020203456	
0.0328	0.80421174	0.020203456	
0.0329	0.8042118	0.020203454	
0.033	0.8042118	0.020203454	
0.0331	0.8042118	0.020203454	
0.0332	0.8042118	0.020203453	
0.0333	0.8042118	0.020203453	
0.0334	0.8042118	0.020203453	
0.0335	0.8042118	0.020203453	
0.0336	0.80421174	0.020203453	
0.0337	0.80421174	0.020203454	
0.0338	0.80421174	0.020203454	
0.0339	0.80421174	0.020203454	
0.034	0.80421174	0.020203454	
0.0341	0.80421174	0.020203456	
0.0342	0.80421174	0.020203456	
0.0343	0.80421174	0.020203456	
0.0344	0.80421174	0.020203456	
0.0345	0.80421174	0.020203456	
0.0346	0.80421174	0.020203456	
0.0347	0.80421174	0.020203458	
0.0348	0.80421174	0.020203458	
0.0349	0.80421174	0.020203458	
0.035	0.80421174	0.020203458	
0.0351	0.80421174	0.020203456	
0.0352	0.80421174	0.020203456	
0.0353	0.80421174	0.020203456	
0.0354	0.80421174	0.020203456	
0.0355	0.80421174	0.020203456	
0.0356	0.80421174	0.020203456	
0.0357	0.80421174	0.020203456	
0.0358	0.80421174	0.020203456	
0.0359	0.80421174	0.020203456	
0.036	0.80421174	0.020203456	
0.0361	0.80421174	0.020203456	
0.0362	0.80421174	0.020203456	
0.0363	0.80421174	0.020203456	
0.0364	0.80421174	0.020203456	
0.0365	0.80421174	0.020203456	
0.0366	0.80421174	0.020203456	
0.0367	0.80421174	0.020203456	
0.0368	0.80421174	0.020203456	
0.0369	0.80421174	0.020203456	
0.037	0.80421174	0.020203456	
0.0371	0.80421174	0.020203456	
0.0372	0.80421174	0.020203456	
0.0373	0.80421174	0.020203456	
0.0374	0.80421174	0.020203456	
0.0375	0.80421174	0.020203456	
0.0376	0.80421174	0.020203456	
0.0377	0.80421174	0.020203456	
0.0378	0.80421174	0.020203456	
0.0379	0.80421174	0.020203456	
0.038	0.80421174	0.020203456	
0.0381	0.80421174	0.020203456	
0.0382	0.80421174	0.020203456	
0.0383	0.80421174	0.020203456	
0.0384	0.80421174	0.020203456	
0.0385	0.80421174	0.020203456	
0.0386	0.80421174	0.020203456	
0.0387	0.80421174	0.020203456	
0.0388	0.80421174	0.020203456	
0.0389	0.80421174	0.020203456	
0.039	0.80421174	0.020203456	
0.0391	0.80421174	0.020203456	
0.0392	0.80421174	0.020203456	
0.0393	0.80421174	0.020203456	
0.0394	0.80421174	0.020203456	
0.0395	0.80421174	0.020203456	
0.0396	0.80421174	0.020203456	
0.0397	0.80421174	0.020203456	
0.0398	0.80421174	0.020203456	
0.0399	0.80421174	0.020203456	
0.04	0.80421174	0.020203456	
0.0401	0.80421174	0.020203456	
0.0402	0.80421174	0.020203456	
0.0403	0.80421174	0.020203456	
0.0404	0.80421174	0.020203456	
0.0405	0.80421174	0.020203456	
0.0406	0.80421174	0.020203456	
0.0407	0.80421174	0.020203456	
0.0408	0.80421174	0.020203456	
0.0409	0.80421174	0.020203456	
0.041	0.80421174	0.020203456	
0.0411	0.80421174	0.020203456	
0.0412	0.80421174	0.020203456	
0.0413	0.80421174	0.020203456	
0.0414	0.80421174	0.020203456	
0.0415	0.80421174	0.020203456	
0.0416	0.80421174	0.020203456	
0.0417	0.80421174	0.020203456	
0.0418	0.80421174	0.020203456	
0.0419	0.80421174	0.020203456	
0.042	0.80421174	0.020203456	
0.0421	0.80421174	0.020203456	
0.0422	0.80421174	0.020203456	
0.0423	0.80421174	0.020203456	
0.0424	0.80421174	0.020203456	
0.0425	0.80421174	0.020203456	
0.0426	0.80421174	0.020203456	
0.0427	0.80421174	0.020203456	
0.0428	0.80421174	0.020203456	
0.0429	0.80421174	0.020203456	
0.043	0.80421174	0.020203456	
0.0431	0.80421174	0.020203456	
0.0432	0.80421174	0.020203456	
0.0433	0.80421174	0.020203456	
0.0434	0.80421174	0.020203456	
0.0435	0.80421174	0.020203456	
0.0436	0.80421174	0.020203456	
0.0437	0.80421174	0.020203456	
0.0438	0.80421174	0.020203456	
0.0439	0.80421174	0.020203456	
0.044	0.80421174	0.020203456	
0.0441	0.80421174	0.020203456	
0.0442	0.80421174	0.020203456	
0.0443	0.80421174	0.020203456	
0.0444	0.80421174	0.020203456	
0.0445	0.80421174	0.020203456	
0.0446	0.80421174	0.020203456	
0.0447	0.80421174	0.020203456	
0.0448	0.80421174	0.020203456	
0.0449	0.80421174	0.020203456	
0.045	0.80421174	0.020203456	
0.0451	0.80421174	0.020203456	
0.0452	0.80421174	0.020203456	
0.0453	0.80421174	0.020203456	
0.0454	0.80421174	0.020203456	
0.0455	0.80421174	0.020203456	
0.0456	0.80421174	0.020203456	
0.0457	0.80421174	0.020203456	
0.0458	0.80421174	0.020203456	
0.0459	0.80421174	0.020203456	
0.046	0.80421174	0.020203456	
0.0461	0.80421174	0.020203456	
0.0462	0.80421174	0.020203456	
0.0463	0.80421174	0.020203456	
0.0464	0.80421174	0.020203456	
0.0465	0.80421174	0.020203456	
0.0466	0.80421174	0.020203456	
0.0467	0.80421174	0.020203456	
0.0468	0.80421174	0.020203456	
0.0469	0.80421174	0.020203456	
0.047	0.80421174	0.020203456	
0.0471	0.80421174	0.020203456	
0.0472	0.80421174	0.020203456	
0.0473	0.80421174	0.020203456	
0.0474	0.80421174	0.020203456	
0.0475	0.80421174	0.020203456	
0.0476	0.80421174	0.020203456	
0.0477	0.80421174	0.020203456	
0.0478	0.80421174	0.020203456	
0.0479	0.80421174	0.020203456	
0.048	0.80421174	0.020203456	
0.0481	0.80421174	0.020203456	
0.0482	0.80421174	0.020203456	
0.0483	0.80421174	0.020203456	
0.0484	0.80421174	0.020203456	
0.0485	0.80421174	0.020203456	
0.0486	0.80421174	0.020203456	
0.0487	0.80421174	0.020203456	
0.0488	0.80421174	0.020203456	
0.0489	0.80421174	0.020203456	
0.049	0.80421174	0.020203456	
0.0491	0.80421174	0.020203456	
0.0492	0.80421174	0.020203456	
0.0493	0.80421174	0.020203456	
0.0494	0.80421174	0.020203456	
0.0495	0.80421174	0.020203456	
0.0496	0.80421174	0.020203456	
0.0497	0.80421174	0.020203456	
0.0498	0.80421174	0.020203456	
0.0499	0.80421174	0.020203456	
0.05	0.80421174	0.020203456	
0.0501	0.80421174	0.020203456	
0.0502	0.80421174	0.020203456	
0.0503	0.80421174	0.020203456	
0.0504	0.80421174	0.020203456	
0.0505	0.80421174	0.020203456	
0.0506	0.80421174	0.020203456	
0.0507	0.80421174	0.020203456	
0.0508	0.80421174	0.020203456	
0.0509	0.80421174	0.020203456	
0.051	0.80421174	0.020203456	
0.0511	0.80421174	0.020203456	
0.0512	0.80421174	0.020203456	
0.0513	0.80421174	0.020203456	
0.0514	0.80421174	0.020203456	
0.0515	0.80421174	0.020203456	
0.0516	0.80421174	0.020203456	
0.0517	0.80421174	0.020203456	
0.0518	0.80421174	0.020203456	
0.0519	0.80421174	0.020203456	
0.052	0.80421174	0.020203456	
0.0521	0.80421174	0.020203456	
0.0522	0.80421174	0.020203456	
0.0523	0.80421174	0.020203456	
0.0524	0.80421174	0.020203456	
0.0525	0.80421174	0.020203456	
0.0526	0.80421174	0.020203456	
0.0527	0.80421174	0.020203456	
0.0528	0.80421174	0.020203456	
0.0529	0.80421174	0.020203456	
0.053	0.80421174	0.020203456	
0.0531	0.80421174	0.020203456	
0.0532	0.80421174	0.020203456	
0.0533	0.80421174	0.020203456	
0.0534	0.80421174	0.020203456	
0.0535	0.80421174	0.020203456	
0.0536	0.80421174	0.020203456	
0.0537	0.80421174	0.020203456	
0.0538	0.80421174	0.020203456	
0.0539	0.80421174	0.020203456	
0.054	0.80421174	0.020203456	
0.0541	0.80421174	0.020203456	
0.0542	0.80421174	0.020203456	
0.0543	0.80421174	0.020203456	
0.0544	0.80421174	0.020203456	
0.0545	0.80421174	0.020203456	
0.0546	0.80421174	0.020203456	
0.0547	0.80421174	0.020203456	
0.0548	0.80421174	0.020203456	
0.0549	0.80421174	0.020203456	
0.055	0.80421174	0.020203456	
0.0551	0.80421174	0.020203456	
0.0552	0.80421174	0.020203456	
0.0553	0.80421174	0.020203456	
0.0554	0.80421174	0.020203456	
0.0555	0.80421174	0.020203456	
0.0556	0.80421174	0.020203456	
0.0557	0.80421174	0.020203456	
0.0558	0.80421174	0.020203456	
0.0559	0.80421174	0.020203456	
0.056	0.80421174	0.020203456	
0.0561	0.80421174	0.020203456	
0.0562	0.80421174	0.020203456	
0.0563	0.80421174	0.020203456	
0.0564	0.80421174	0.020203456	
0.0565	0.80421174	0.020203456	
0.0566	0.80421174	0.020203456	
0.0567	0.80421174	0.020203456	
0.0568	0.80421174	0.020203456	
0.0569	0.80421174	0.020203456	
0.057	0.80421174	0.020203456	
0.0571	0.80421174	0.020203456	
0.0572	0.80421174	0.020203456	
0.0573	0.80421174	0.020203456	
0.0574	0.80421174	0.020203456	
0.0575	0.80421174	0.020203456	
0.0576	0.80421174	0.020203456	
0.0577	0.80421174	0.020203456	
0.0578	0.80421174	0.020203456	
0.0579	0.80421174	0.020203456	
0.058	0.80421174	0.020203456	
0.0581	0.80421174	0.020203456	
0.0582	0.80421174	0.020203456	
0.0583	0.80421174	0.020203456	
0.0584	0.80421174	0.020203456	
0.0585	0.80421174	0.020203456	
0.0586	0.80421174	0.020203456	
0.0587	0.80421174	0.020203456	
0.0588	0.80421174	0.020203456	
0.0589	0.80421174	0.020203456	
0.059	0.80421174	0.020203456	
0.0591	0.80421174	0.020203456	
0.0592	0.80421174	0.020203456	
0.0593	0.80421174	0.020203456	
0.0594	0.80421174	0.020203456	
0.0595	0.80421174	0.020203456	
0.0596	0.80421174	0.020203456	
0.0597	0.80421174	0.020203456	
0.0598	0.80421174	0.020203456	
0.0599	0.80421174	0.020203456	
0.06	0.80421174	0.020203456	
0.0601	0.80421174	0.020203456	
0.0602	0.80421174	0.020203456	
0.0603	0.80421174	0.020203456	
0.0604	0.80421174	0.020203456	
0.0605	0.80421174	0.020203456	
0.0606	0.80421174	0.020203456	
0.0607	0.80421174	0.020203456	
0.0608	0.80421174	0.020203456	
0.0609	0.80421174	0.020203456	
0.061	0.80421174	0.020203456	
0.0611	0.80421174	0.020203456	
0.0612	0.80421174	0.020203456	
0.0613	0.80421174	0.020203456	
0.0614	0.80421174	0.020203456	
0.0615	0.80421174	0.020203456	
0.0616	0.80421174	0.020203456	
0.0617	0.80421174	0.020203456	
0.0618	0.80421174	0.020203456	
0.0619	0.80421174	0.020203456	
0.062	0.80421174	0.020203456	
0.0621	0.80421174	0.020203456	
0.0622	0.80421174	0.020203456	
0.0623	0.80421174	0.020203456	
0.0624	0.80421174	0.020203456	
0.0625	0.80421174	0.020203456	
0.0626	0.80421174	0.020203456	
0.0627	0.80421174	0.020203456	
0.0628	0.80421174	0.020203456	
0.0629	0.80421174	0.020203456	
0.063	0.80421174	0.020203456	
0.0631	0.80421174	0.020203456	
0.0632	0.80421174	0.020203456	
0.0633	0.80421174	0.020203456	
0.0634	0.80421174	0.020203456	
0.0635	0.80421174	0.020203456	
0.0636	0.80421174	0.020203456	
0.0637	0.80421174	0.020203456	
0.0638	0.80421174	0.020203456	
0.0639	0.80421174	0.020203456	
0.064	0.80421174	0.020203456	
0.0641	0.80421174	0.020203456	
0.0642	0.80421174	0.020203456	
0.0643	0.80421174	0.020203456	
0.0644	0.80421174	0.020203456	
0.0645	0.80421174	0.020203456	
0.0646	0.80421174	0.020203456	
0.0647	0.80421174	0.020203456	
0.0648	0.80421174	0.020203456	
0.0649	0.80421174	0.020203456	
0.065	0.80421174	0.020203456	
0.0651	0.80421174	0.020203456	
0.0652	0.80421174	0.020203456	
0.0653	0.80421174	0.020203456	
0.0654	0.80421174	0.020203456	
0.0655	0.80421174	0.020203456	
0.0656	0.80421174	0.020203456	
0.0657	0.80421174	0.020203456	
0.0658	0.80421174	0.020203456	
0.0659	0.80421174	0.020203456	
0.066	0.80421174	0.020203456	
0.0661	0.80421174	0.020203456	
0.0662	0.80421174	0.020203456	
0.0663	0.80421174	0.020203456	
0.0664	0.80421174	0.020203456	
0.0665	0.80421174	0.020203456	
0.0666	0.80421174	0.020203456	
0.0667	0.80421174	0.020203456	
0.0668	0.80421174	0.020203456	
0.0669	0.80421174	0.020203456	
0.067	0.80421174	0.020203456	
0.0671	0.80421174	0.020203456	
0.0672	0.80421174	0.020203456	
0.0673	0.80421174	0.020203456	
0.0674	0.80421174	0.020203456	
0.0675	0.80421174	0.020203456	
0.0676	0.80421174	0.020203456	
0.0677	0.80421174	0.020203456	
0.0678	0.80421174	0.020203456	
0.0679	0.80421174	0.020203456	
0.068	0.80421174	0.020203456	
0.0681	0.80421174	0.020203456	
0.0682	0.80421174	0.020203456	
0.0683	0.80421174	0.020203456	
0.0684	0.80421174	0.020203456	
0.0685	0.80421174	0.020203456	
0.0686	0.80421174	0.020203456	
0.0687	0.80421174	0.020203456	
0.0688	0.80421174	0.020203456	
0.0689	0.80421174	0.020203456	
0.069	0.80421174	0.020203456	
0.0691	0.80421174	0.020203456	
0.0692	0.80421174	0.020203456	
0.0693	0.80421174	0.020203456	
0.0694	0.80421174	0.020203456	
0.0695	0.80421174	0.020203456	
0.0696	0.80421174	0.020203456	
0.0697	0.80421174	0.020203456	
0.0698	0.80421174	0.020203456	
0.0699	0.80421174	0.020203456	
0.07	0.80421174	0.020203456	
0.0701	0.80421174	0.020203456	
0.0702	0.80421174	0.020203456	
0.0703	0.80421174	0.020203456	
0.0704	0.80421174	0.020203456	
0.0705	0.80421174	0.020203456	
0.0706	0.80421174	0.020203456	
0.0707	0.80421174	0.020203456	
0.0708	0.80421174	0.020203456	
0.0709	0.80421174	0.020203456	
0.071	0.80421174	0.020203456	
0.0711	0.80421174	0.020203456	
0.0712	0.80421174	0.020203456	
0.0713	0.80421174	0.020203456	
0.0714	0.80421174	0.020203456	
0.0715	0.80421174	0.020203456	
0.0716	0.80421174	0.020203456	
0.0717	0.80421174	0.020203456	
0.0718	0.80421174	0.020203456	
0.0719	0.80421174	0.020203456	
0.072	0.80421174	0.020203456	
0.0721	0.80421174	0.020203456	
0.0722	0.80421174	0.020203456	
0.0723	0.80421174	0.020203456	
0.0724	0.80421174	0.020203456	
0.0725	0.80421174	0.020203456	
0.0726	0.80421174	0.020203456	
0.0727	0.80421174	0.020203456	
0.0728	0.80421174	0.020203456	
0.0729	0.80421174	0.020203456	
0.073	0.80421174	0.020203456	
0.0731	0.80421174	0.020203456	
0.0732	0.80421174	0.020203456	
0.0733	0.80421174	0.020203456	
0.0734	0.80421174	0.020203456	
0.0735	0.80421174	0.020203456	
0.0736	0.80421174	0.020203456	
0.0737	0.80421174	0.020203456	
0.0738	0.80421174	0.020203456	
0.0739	0.80421174	0.020203456	
0.074	0.80421174	0.020203456	
0.0741	0.80421174	0.020203456	
0.0742	0.80421174	0.020203456	
0.0743	0.80421174	0.020203456	
0.0744	0.80421174	0.020203456	
0.0745	0.80421174	0.020203456	
0.0746	0.80421174	0.020203456	
0.0747	0.80421174	0.020203456	
0.0748	0.80421174	0.020203456	
0.0749	0.80421174	0.020203456	
0.075	0.80421174	0.020203456	
0.0751	0.80421174	0.020203456	
0.0752	0.80421174	0.020203456	
0.0753	0.80421174	0.020203456	
0.0754	0.80421174	0.020203456	
0.0755	0.80421174	0.020203456	
0.0756	0.80421174	0.020203456	
0.0757	0.80421174	0.020203456	
0.0758	0.80421174	0.020203456	
0.0759	0.80421174	0.020203456	
0.076	0.80421174	0.020203456	
0.0761	0.80421174	0.020203456	
0.0762	0.80421174	0.020203456	
0.0763	0.80421174	0.020203456	
0.0764	0.80421174	0.020203456	
0.0765	0.80421174	0.020203456	
0.0766	0.80421174	0.020203456	
0.0767	0.80421174	0.020203456	
0.0768	0.80421174	0.020203456	
0.0769	0.80421174	0.020203456	
0.077	0.80421174	0.020203456	
0.0771	0.80421174	0.020203456	
0.0772	0.80421174	0.020203456	
0.0773	0.80421174	0.020203456	
0.0774	0.80421174	0.020203456	
0.0775	0.80421174	0.020203456	
0.0776	0.80421174	0.020203456	
0.0777	0.80421174	0.020203456	
0.0778	0.80421174	0.020203456	
0.0779	0.80421174	0.020203456	
0.078	0.80421174	0.020203456	
0.0781	0.80421174	0.020203456	
0.0782	0.80421174	0.020203456	
0.0783	0.80421174	0.020203456	
0.0784	0.80421174	0.020203456	
0.0785	0.80421174	0.020203456	
0.0786	0.80421174	0.020203456	
0.0787	0.80421174	0.020203456	
0.0788	0.80421174	0.020203456	
0.0789	0.80421174	0.020203456	
0.079	0.80421174	0.020203456	
0.0791	0.80421174	0.020203456	
0.0792	0.80421174	0.020203456	
0.0793	0.80421174	0.020203456	
0.0794	0.80421174	0.020203456	
0.0795	0.80421174	0.020203456	
0.0796	0.80421174	0.020203456	
0.0797	0.80421174	0.020203456	
0.0798	0.80421174	0.020203456	
0.0799	0.80421174	0.020203456	
0.08	0.80421174	0.020203456	
0.0801	0.80421174	0.020203456	
0.0802	0.80421174	0.020203456	
0.0803	0.80421174	0.020203456	
0.0804	0.80421174	0.020203456	
0.0805	0.80421174	0.020203456	
0.0806	0.80421174	0.020203456	
0.0807	0.80421174	0.020203456	
0.0808	0.80421174	0.020203456	
0.0809	0.80421174	0.020203456	
0.081	0.80421174	0.020203456	
0.0811	0.80421174	0.020203456	
0.0812	0.80421174	0.020203456	
0.0813	0.80421174	0.020203456	
0.0814	0.80421174	0.020203456	
0.0815	0.80421174	0.020203456	
0.0816	0.80421174	0.020203456	
0.0817	0.80421174	0.020203456	
0.0818	0.80421174	0.020203456	
0.0819	0.80421174	0.020203456	
0.082	0.80421174	0.020203456	
0.0821	0.80421174	0.020203456	
0.0822	0.80421174	0.020203456	
0.0823	0.80421174	0.020203456	
0.0824	0.80421174	0.020203456	
0.0825	0.80421174	0.020203456	
0.0826	0.80421174	0.020203456	
0.0827	0.80421174	0.020203456	
0.0828	0.80421174	0.020203456	
0.0829	0.80421174	0.020203456	
0.083	0.80421174	0.020203456	
0.0831	0.80421174	0.020203456	
0.0832	0.80421174	0.020203456	
0.0833	0.80421174	0.020203456	
0.0834	0.80421174	0.020203456	
0.0835	0.80421174	0.020203456	
0.0836	0.80421174	0.020203456	
0.0837	0.80421174	0.020203456	
0.0838	0.80421174	0.020203456	
0.0839	0.80421174	0.020203456	
0.084	0.80421174	0.020203456	
0.0841	0.80421174	0.020203456	
0.0842	0.80421174	0.020203456	
0.0843	0.80421174	0.020203456	
0.0844	0.80421174	0.020203456	
0.0845	0.80421174	0.020203456	
0.0846	0.80421174	0.020203456	
0.0847	0.80421174	0.020203456	
0.0848	0.80421174	0.020203456	
0.0849	0.80421174	0.020203456	
0.085	0.80421174	0.020203456	
0.0851	0.80421174	0.020203456	
0.0852	0.80421174	0.020203456	
0.0853	0.80421174	0.020203456	
0.0854	0.80421174	0.020203456	
0.0855	0.80421174	0.020203456	
0.0856	0.80421174	0.020203456	
0.0857	0.80421174	0.020203456	
0.0858	0.80421174	0.020203456	
0.0859	0.80421174	0.020203456	
0.086	0.80421174	0.020203456	
0.0861	0.80421174	0.020203456	
0.0862	0.80421174	0.020203456	
0.0863	0.80421174	0.020203456	
0.0864	0.80421174	0.020203456	
0.0865	0.80421174	0.020203456	
0.0866	0.80421174	0.020203456	
0.0867	0.80421174	0.020203456	
0.0868	0.80421174	0.020203456	
0.0869	0.80421174	0.020203456	
0.087	0.80421174	0.020203456	
0.0871	0.80421174	0.020203456	
0.0872	0.80421174	0.020203456	
0.0873	0.80421174	0.020203456	
0.0874	0.80421174	0.020203456	
0.0875	0.80421174	0.020203456	
0.0876	0.80421174	0.020203456	
0.0877	0.80421174	0.020203456	
0.0878	0.80421174	0.020203456	
0.0879	0.80421174	0.020203456	
0.088	0.80421174	0.020203456	
0.0881	0.80421174	0.020203456	
0.0882	0.80421174	0.020203456	
0.0883	0.80421174	0.020203456	
0.0884	0.80421174	0.020203456	
0.0885	0.80421174	0.020203456	
0.0886	0.80421174	0.020203456	
0.0887	0.80421174	0.020203456	
0.0888	0.80421174	0.020203456	
0.0889	0.80421174	0.020203456	
0.089	0.80421174	0.020203456	
0.0891	0.80421174	0.020203456	
0.0892	0.80421174	0.020203456	
0.0893	0.80421174	0.020203456	
0.0894	0.80421174	0.020203456	
0.0895	0.80421174	0.020203456	
0.0896	0.80421174	0.020203456	
0.0897	0.80421174	0.020203456	
0.0898	0.80421174	0.020203456	
0.0899	0.80421174	0.020203456	
0.09	0.80421174	0.020203456	
0.0901	0.80421174	0.020203456	
0.0902	0.80421174	0.020203456	
0.0903	0.80421174	0.020203456	
0.0904	0.80421174	0.020203456	
0.0905	0.80421174	0.020203456	
0.0906	0.80421174	0.020203456	
0.0907	0.80421174	0.020203456	
0.0908	0.80421174	0.020203456	
0.0909	0.80421174	0.020203456	
0.091	0.80421174	0.020203456	
0.0911	0.80421174	0.020203456	
0.0912	0.80421174	0.020203456	
0.0913	0.80421174	0.020203456	
0.0914	0.80421174	0.020203456	
0.0915	0.80421174	0.020203456	
0.0916	0.80421174	0.020203456	
0.0917	0.80421174	0.020203456	
0.0918	0.80421174	0.020203456	
0.0919	0.80421174	0.020203456	
0.092	0.80421174	0.020203456	
0.0921	0.80421174	0.020203456	
0.0922	0.80421174	0.020203456	
0.0923	0.80421174	0.020203456	
0.0924	0.80421174	0.020203456	
0.0925	0.80421174	0.020203456	
0.0926	0.80421174	0.020203456	
0.0927	0.80421174	0.020203456	
0.0928	0.80421174	0.020203456	
0.0929	0.80421174	0.020203456	
0.093	0.80421174	0.020203456	
0.0931	0.80421174	0.020203456	
0.0932	0.80421174	0.020203456	
0.0933	0.80421174	0.020203456	
0.0934	0.80421174	0.020203456	
0.0935	0.80421174	0.020203456	
0.0936	0.80421174	0.020203456	
0.0937	0.80421174	0.020203456	
0.0938	0.80421174	0.020203456	
0.0939	0.80421174	0.020203456	
0.094	0.80421174	0.020203456	
0.0941	0.80421174	0.020203456	
0.0942	0.80421174	0.020203456	
0.0943	0.80421174	0.020203456	
0.0944	0.80421174	0.020203456	
0.0945	0.80421174	0.020203456	
0.0946	0.80421174	0.020203456	
0.0947	0.80421174	0.020203456	
0.0948	0.80421174	0.020203456	
0.0949	0.80421174	0.020203456	
0.095	0.80421174	0.020203456	
0.0951	0.80421174	0.020203456	
0.0952	0.80421174	0.020203456	
0.0953	0.80421174	0.020203456	
0.0954	0.80421174	0.020203456	
0.0955	0.80421174	0.020203456	
0.0956	0.80421174	0.020203456	
0.0957	0.80421174	0.020203456	
0.0958	0.80421174	0.020203456	
0.0959	0.80421174	0.020203456	
0.096	0.80421174	0.020203456	
0.0961	0.80421174	0.020203456	
0.0962	0.80421174	0.020203456	
0.0963	0.80421174	0.020203456	
0.0964	0.80421174	0.020203456	
0.0965	0.80421174	0.020203456	
0.0966	0.80421174	0.020203456	
0.0967	0.80421174	0.020203456	
0.0968	0.80421174	0.020203456	
0.0969	0.80421174	0.020203456	
0.097	0.80421174	0.020203456	
0.0971	0.80421174	0.020203456	
0.0972	0.80421174	0.020203456	
0.0973	0.80421174	0.020203456	
0.0974	0.80421174	0.020203456	
0.0975	0.80421174	0.020203456	
0.0976	0.80421174	0.020203456	
0.0977	0.80421174	0.020203456	
0.0978	0.80421174	0.020203456	
0.0979	0.80421174	0.020203456	
0.098	0.80421174	0.020203456	
0.0981	0.80421174	0.020203456	
0.0982	0.80421174	0.020203456	
0.0983	0.80421174	0.020203456	
0.0984	0.80421174	0.020203456	
0.0985	0.80421174	0.020203456	
0.0986	0.80421174	0.020203456	
0.0987	0.80421174	0.020203456	
0.0988	0.80421174	0.020203456	
0.0989	0.80421174	0.020203456	
0.099	0.80421174	0.020203456	
0.0991	0.80421174	0.020203456	
0.0992	0.80421174	0.020203456	
0.0993	0.80421174	0.020203456	
0.0994	0.80421174	0.020203456	
0.0995	0.80421174	0.020203456	
0.0996	0.80421174	0.020203456	
0.0997	0.80421174	0.020203456	
0.0998	0.80421174	0.020203456	
0.0999	0.80421174	0.020203456	
0.1	0.80421174	0.020203456	
0.1001	0.80421174	0.020203456	
0.1002	0.80421174	0.020203456	
0.1003	0.80421174	0.020203456	
0.1004	0.80421174	0.020203456	
0.1005	0.80421174	0.020203456	
0.1006	0.80421174	0.020203456	
0.1007	0.80421174	0.020203456	
0.1008	0.80421174	0.020203456	
0.1009	0.80421174	0.020203456	
0.101	0.80421174	0.020203456	
0.1011	0.80421174	0.020203456	
0.1012	0.80421174	0.020203456	
0.1013	0.80421174	0.020203456	
0.1014	0.80421174	0.020203456	
0.1015	0.80421174	0.020203456	
0.1016	0.80421174	0.020203456	
0.1017	0.80421174	0.020203456	
0.1018	0.80421174	0.020203456	
0.1019	0.80421174	0.020203456	
0.102	0.80421174	0.020203456	
0.1021	0.80421174	0.020203456	
0.1022	0.80421174	0.020203456	
0.1023	0.80421174	0.020203456	
0.1024	0.80421174	0.020203456	
0.1025	0.80421174	0.020203456	
0.1026	0.80421174	0.020203456	
0.1027	0.80421174	0.020203456	
0.1028	0.80421174	0.020203456	
0.1029	0.80421174	0.020203456	
0.103	0.80421174	0.020203456	
0.1031	0.80421174	0.020203456	
0.1032	0.80421174	0.020203456	
0.1033	0.80421174	0.020203456	
0.1034	0.80421174	0.020203456	
0.1035	0.80421174	0.020203456	
0.1036	0.80421174	0.020203456	
0.1037	0.80421174	0.020203456	
0.1038	0.80421174	0.020203456	
0.1039	0.80421174	0.020203456	
0.104	0.80421174	0.020203456	
0.1041	0.80421174	0.020203456	
0.1042	0.80421174	0.020203456	
0.1043	0.80421174	0.020203456	
0.1044	0.80421174	0.020203456	
0.1045	0.80421174	0.020203456	
0.1046	0.80421174	0.020203456	
0.1047	0.80421174	0.020203456	
0.1048	0.80421174	0.020203456	
0.1049	0.80421174	0.020203456	
0.105	0.80421174	0.020203456	
0.1051	0.80421174	0.020203456	
0.1052	0.80421174	0.020203456	
0.1053	0.80421174	0.020203456	
0.1054	0.80421174	0.020203456	
0.1055	0.80421174	0.020203456	
0.1056	0.80421174	0.020203456	
0.1057	0.80421174	0.020203456	
0.1058	0.80421174	0.020203456	
0.1059	0.80421174	0.020203456	
0.106	0.80421174	0.020203456	
0.1061	0.80421174	0.020203456	
0.1062	0.80421174	0.020203456	
0.1063	0.80421174	0.020203456	
0.1064	0.80421174	0.020203456	
0.1065	0.80421174	0.020203456	
0.1066	0.80421174	0.020203456	
0.1067	0.80421174	0.020203456	
0.1068	0.80421174	0.020203456	
0.1069	0.80421174	0.020203456	
0.107	0.80421174	0.020203456	
0.1071	0.80421174	0.020203456	
0.1072	0.80421174	0.020203456	
0.1073	0.80421174	0.020203456	
0.1074	0.80421174	0.020203456	
0.1075	0.80421174	0.020203456	
0.1076	0.80421174	0.020203456	
0.1077	0.80421174	0.020203456	
0.1078	0.80421174	0.020203456	
0.1079	0.80421174	0.020203456	
0.108	0.80421174	0.020203456	
0.1081	0.80421174	0.020203456	
0.1082	0.80421174	0.020203456	
0.1083	0.80421174	0.020203456	
0.1084	0.80421174	0.020203456	
0.1085	0.80421174	0.020203456	
0.1086	0.80421174	0.020203456	
0.1087	0.80421174	0.020203456	
0.1088	0.80421174	0.020203456	
0.1089	0.80421174	0.020203456	
0.109	0.80421174	0.020203456	
0.1091	0.80421174	0.020203456	
0.1092	0.80421174	0.020203456	
0.1093	0.80421174	0.020203456	
0.1094	0.80421174	0.020203456	
0.1095	0.80421174	0.020203456	
0.1096	0.80421174	0.020203456	
0.1097	0.80421174	0.020203456	
0.1098	0.80421174	0.020203456	
0.1099	0.80421174	0.020203456	
0.11	0.80421174	0.020203456	
0.1101	0.80421174	0.020203456	
0.1102	0.80421174	0.020203456	
0.1103	0.80421174	0.020203456	
0.1104	0.80421174	0.020203456	
0.1105	0.80421174	0.020203456	
0.1106	0.80421174	0.020203456	
0.1107	0.80421174	0.020203456	
0.1108	0.80421174	0.020203456	
0.1109	0.80421174	0.020203456	
0.111	0.80421174	0.020203456	
0.1111	0.80421174	0.020203456	
0.1112	0.80421174	0.020203456	
0.1113	0.80421174	0.020203456	
0.1114	0.80421174	0.020203456	
0.1115	0.80421174	0.020203456	
0.1116	0.80421174	0.020203456	
0.1117	0.80421174	0.020203456	
0.1118	0.80421174	0.020203456	
0.1119	0.80421174	0.020203456	
0.112	0.80421174	0.020203456	
0.1121	0.80421174	0.020203456	
0.1122	0.80421174	0.020203456	
0.1123	0.80421174	0.020203456	
0.1124	0.80421174	0.020203456	
0.1125	0.80421174	0.020203456	
0.1126	0.80421174	0.020203456	
0.1127	0.80421174	0.020203456	
0.1128	0.80421174	0.020203456	
0.1129	0.80421174	0.020203456	
0.113	0.80421174	0.020203456	
0.1131	0.80421174	0.020203456	
0.1132	0.80421174	0.020203456	
0.1133	0.80421174	0.020203456	
0.1134	0.80421174	0.020203456	
0.1135	0.80421174	0.020203456	
0.1136	0.80421174	0.020203456	
0.1137	0.80421174	0.020203456	
0.1138	0.80421174	0.020203456	
0.1139	0.80421174	0.020203456	
0.114	0.80421174	0.020203456	
0.1141	0.80421174	0.020203456	
0.1142	0.80421174	0.020203456	
0.1143	0.80421174	0.020203456	
0.1144	0.80421174	0.020203456	
0.1145	0.80421174	0.020203456	
0.1146	0.80421174	0.020203456	
0.1147	0.80421174	0.020203456	
0.1148	0.80421174	0.020203456	
0.1149	0.80421174	0.020203456	
0.115	0.80421174	0.020203456	
0.1151	0.80421174	0.020203456	
0.1152	0.80421174	0.020203456	
0.1153	0.80421174	0.020203456	
0.1154	0.80421174	0.020203456	
0.1155	0.80421174	0.020203456	
0.1156	0.80421174	0.020203456	
0.1157	0.80421174	0.020203456	
0.1158	0.80421174	0.020203456	
0.1159	0.80421174	0.020203456	
0.116	0.80421174	0.020203456	
0.1161	0.80421174	0.020203456	
0.1162	0.80421174	0.020203456	
0.1163	0.80421174	0.020203456	
0.1164	0.80421174	0.020203456	
0.1165	0.80421174	0.020203456	
0.1166	0.80421174	0.020203456	
0.1167	0.80421174	0.020203456	
0.1168	0.80421174	0.020203456	
0.1169	0.80421174	0.020203456	
0.117	0.80421174	0.020203456	
0.1171	0.80421174	0.020203456	
0.1172	0.80421174	0.020203456	
0.1173	0.80421174	0.020203456	
0.1174	0.80421174	0.020203456	
0.1175	0.80421174	0.020203456	
0.1176	0.80421174	0.020203456	
0.1177	0.80421174	0.020203456	
0.1178	0.80421174	0.020203456	
0.1179	0.80421174	0.020203456	
0.118	0.80421174	0.020203456	
0.1181	0.80421174	0.020203456	
0.1182	0.80421174	0.020203456	
0.1183	0.80421174	0.020203456	
0.1184	0.80421174	0.020203456	
0.1185	0.80421174	0.020203456	
0.1186	0.80421174	0.020203456	
0.1187	0.80421174	0.020203456	
0.1188	0.80421174	0.020203456	
0.1189	0.80421174	0.020203456	
0.119	0.80421174	0.020203456	
0.1191	0.80421174	0.020203456	
0.1192	0.80421174	0.020203456	
0.1193	0.80421174	0.020203456	
0.1194	0.80421174	0.020203456	
0.1195	0.80421174	0.020203456	
0.1196	0.80421174	0.020203456	
0.1197	0.80421174	0.020203456	
0.1198	0.80421174	0.020203456	
0.1199	0.80421174	0.020203456	
0.12	0.80421174	0.020203456	
0.1201	0.80421174	0.020203456	
0.1202	0.80421174	0.020203456	
0.1203	0.80421174	0.020203456	
0.1204	0.80421174	0.020203456	
0.1205	0.80421174	0.020203456	
0.1206	0.80421174	0.020203456	
0.1207	0.80421174	0.020203456	
0.1208	0.80421174	0.020203456	
0.1209	0.80421174	0.020203456	
0.121	0.80421174	0.020203456	
0.1211	0.80421174	0.020203456	
0.1212	0.80421174	0.020203456	
0.1213	0.80421174	0.020203456	
0.1214	0.80421174	0.020203456	
0.1215	0.80421174	0.020203456	
0.1216	0.80421174	0.020203456	
0.1217	0.80421174	0.020203456	
0.1218	0.80421174	0.020203456	
0.1219	0.80421174	0.020203456	
0.122	0.80421174	0.020203456	
0.1221	0.80421174	0.020203456	
0.1222	0.80421174	0.020203456	
0.1223	0.80421174	0.020203456	
0.1224	0.80421174	0.020203456	
0.1225	0.80421174	0.020203456	
0.1226	0.80421174	0.020203456	
0.1227	0.80421174	0.020203456	
0.1228	0.80421174	0.020203456	
0.1229	0.80421174	0.020203456	
0.123	0.80421174	0.020203456	
0.1231	0.80421174	0.020203456	
0.1232	0.80421174	0.020203456	
0.1233	0.80421174	0.020203456	
0.1234	0.80421174	0.020203456	
0.1235	0.80421174	0.020203456	
0.1236	0.80421174	0.020203456	
0.1237	0.80421174	0.020203456	
0.1238	0.80421174	0.020203456	
0.1239	0.80421174	0.020203456	
0.124	0.80421174	0.020203456	
0.1241	0.80421174	0.020203456	
0.1242	0.80421174	0.020203456	
0.1243	0.80421174	0.020203456	
0.1244	0.80421174	0.020203456	
0.1245	0.80421174	0.020203456	
0.1246	0.80421174	0.020203456	
0.1247	0.80421174	0.020203456	
0.1248	0.80421174	0.020203456	
0.1249	0.80421174	0.020203456	
0.125	0.80421174	0.020203456	
0.1251	0.80421174	0.020203456	
0.1252	0.80421174	0.020203456	
0.1253	0.80421174	0.020203456	
0.1254	0.80421174	0.020203456	
0.1255	0.80421174	0.020203456	
0.1256	0.80421174	0.020203456	
0.1257	0.80421174	0.020203456	
0.1258	0.80421174	0.020203456	
0.1259	0.80421174	0.020203456	
0.126	0.80421174	0.020203456	
0.1261	0.80421174	0.020203456	
0.1262	0.80421174	0.020203456	
0.1263	0.80421174	0.020203456	
0.1264	0.80421174	0.020203456	
0.1265	0.80421174	0.020203456	
0.1266	0.80421174	0.020203456	
0.1267	0.80421174	0.020203456	
0.1268	0.80421174	0.020203456	
0.1269	0.80421174	0.020203456	
0.127	0.80421174	0.020203456	
0.1271	0.80421174	0.020203456	
0.1272	0.80421174	0.020203456	
0.1273	0.80421174	0.020203456	
0.1274	0.80421174	0.020203456	
0.1275	0.80421174	0.020203456	
0.1276	0.80421174	0.020203456	
0.1277	0.80421174	0.020203456	
0.1278	0.80421174	0.020203456	
0.1279	0.80421174	0.020203456	
0.128	0.80421174	0.020203456	
0.1281	0.80421174	0.020203456	
0.1282	0.80421174	0.020203456	
0.1283	0.80421174	0.020203456	
0.1284	0.80421174	0.020203456	
0.1285	0.80421174	0.020203456	
0.1286	0.80421174	0.020203456	
0.1287	0.80421174	0.020203456	
0.1288	0.80421174	0.020203456	
0.1289	0.80421174	0.020203456	
0.129	0.80421174	0.020203456	
0.1291	0.80421174	0.020203456	
0.1292	0.80421174	0.020203456	
0.1293	0.80421174	0.020203456	
0.1294	0.80421174	0.020203456	
0.1295	0.80421174	0.020203456	
0.1296	0.80421174	0.020203456	
0.1297	0.80421174	0.020203456	
0.1298	0.80421174	0.020203456	
0.1299	0.80421174	0.020203456	
0.13	0.80421174	0.020203456	
0.1301	0.80421174	0.020203456	
0.1302	0.80421174	0.020203456	
0.1303	0.80421174	0.020203456	
0.1304	0.80421174	0.020203456	
0.1305	0.80421174	0.020203456	
0.1306	0.80421174	0.020203456	
0.1307	0.80421174	0.020203456	
0.1308	0.80421174	0.020203456	
0.1309	0.80421174	0.020203456	
0.131	0.80421174	0.020203456	
0.1311	0.80421174	0.020203456	
0.1312	0.80421174	0.020203456	
0.1313	0.80421174	0.020203456	
0.1314	0.80421174	0.020203456	
0.1315	0.80421174	0.020203456	
0.1316	0.80421174	0.020203456	
0.1317	0.80421174	0.020203456	
0.1318	0.80421174	0.020203456	
0.1319	0.80421174	0.020203456	
0.132	0.80421174	0.020203456	
0.1321	0.80421174	0.020203456	
0.1322	0.80421174	0.020203456	
0.1323	0.80421174	0.020203456	
0.1324	0.80421174	0.020203456	
0.1325	0.80421174	0.020203456	
0.1326	0.80421174	0.020203456	
0.1327	0.80421174	0.020203456	
0.1328	0.80421174	0.020203456	
0.1329	0.80421174	0.020203456	
0.133	0.80421174	0.020203456	
0.1331	0.80421174	0.020203456	
0.1332	0.80421174	0.020203456	
0.1333	0.80421174	0.020203456	
0.1334	0.80421174	0.020203456	
0.1335	0.80421174	0.020203456	
0.1336	0.80421174	0.020203456	
0.1337	0.80421174	0.020203456	
0.1338	0.80421174	0.020203456	
0.1339	0.80421174	0.020203456	
0.134	0.80421174	0.020203456	
0.1341	0.80421174	0.020203456	
0.1342	0.80421174	0.020203456	
0.1343	0.80421174	0.020203456	
0.1344	0.80421174	0.020203456	
0.1345	0.80421174	0.020203456	
0.1346	0.80421174	0.020203456	
0.1347	0.80421174	0.020203456	
0.1348	0.80421174	0.020203456	
0.1349	0.80421174	0.020203456	
0.135	0.80421174	0.020203456	
0.1351	0.80421174	0.020203456	
0.1352	0.80421174	0.020203456	
0.1353	0.80421174	0.020203456	
0.1354	0.80421174	0.020203456	
0.1355	0.80421174	0.020203456	
0.1356	0.80421174	0.020203456	
0.1357	0.80421174	0.020203456	
0.1358	0.80421174	0.020203456	
0.1359	0.80421174	0.020203456	
0.136	0.80421174	0.020203456	
0.1361	0.80421174	0.020203456	
0.1362	0.80421174	0.020203456	
0.1363	0.80421174	0.020203456	
0.1364	0.80421174	0.020203456	
0.1365	0.80421174	0.020203456	
0.1366	0.80421174	0.020203456	
0.1367	0.80421174	0.020203456	
0.1368	0.80421174	0.020203456	
0.1369	0.80421174	0.020203456	
0.137	0.80421174	0.020203456	
0.1371	0.80421174	0.020203456	
0.1372	0.80421174	0.020203456	
0.1373	0.80421174	0.020203456	
0.1374	0.80421174	0.020203456	
0.1375	0.80421174	0.020203456	
0.1376	0.80421174	0.020203456	
0.1377	0.80421174	0.020203456	
0.1378	0.80421174	0.020203456	
0.1379	0.80421174	0.020203456	
0.138	0.80421174	0.020203456	
0.1381	0.80421174	0.020203456	
0.1382	0.80421174	0.020203456	
0.1383	0.80421174	0.020203456	
0.1384	0.80421174	0.020203456	
0.1385	0.80421174	0.020203456	
0.1386	0.80421174	0.020203456	
0.1387	0.80421174	0.020203456	
0.1388	0.80421174	0.020203456	
0.1389	0.80421174	0.020203456	
0.139	0.80421174	0.020203456	
0.1391	0.80421174	0.020203456	
0.1392	0.80421174	0.020203456	
0.1393	0.80421174	0.020203456	
0.1394	0.80421174	0.020203456	
0.1395	0.80421174	0.020203456	
0.1396	0.80421174	0.020203456	
0.1397	0.80421174	0.020203456	
0.1398	0.80421174	0.020203456	
0.1399	0.80421174	0.020203456	
0.14	0.80421174	0.020203456	
0.1401	0.80421174	0.020203456	
0.1402	0.80421174	0.020203456	
0.1403	0.80421174	0.020203456	
0.1404	0.80421174	0.020203456	
0.1405	0.80421174	0.020203456	
0.1406	0.80421174	0.020203456	
0.1407	0.80421174	0.020203456	
0.1408	0.80421174	0.020203456	
0.1409	0.80421174	0.020203456	
0.141	0.80421174	0.020203456	
0.1411	0.80421174	0.020203456	
0.1412	0.80421174	0.020203456	
0.1413	0.80421174	0.020203456	
0.1414	0.80421174	0.020203456	
0.1415	0.80421174	0.020203456	
0.1416	0.80421174	0.020203456	
0.1417	0.80421174	0.020203456	
0.1418	0.80421174	0.020203456	
0.1419	0.80421174	0.020203456	
0.142	0.80421174	0.020203456	
0.1421	0.80421174	0.020203456	
0.1422	0.80421174	0.020203456	
0.1423	0.80421174	0.020203456	
0.1424	0.80421174	0.020203456	
0.1425	0.80421174	0.020203456	
0.1426	0.80421174	0.020203456	
0.1427	0.80421174	0.020203456	
0.1428	0.80421174	0.020203456	
0.1429	0.80421174	0.020203456	
0.143	0.80421174	0.020203456	
0.1431	0.80421174	0.020203456	
0.1432	0.80421174	0.020203456	
0.1433	0.80421174	0.020203456	
0.1434	0.80421174	0.020203456	
0.1435	0.80421174	0.020203456	
0.1436	0.80421174	0.020203456	
0.1437	0.80421174	0.020203456	
0.1438	0.80421174	0.020203456	
0.1439	0.80421174	0.020203456	
0.144	0.80421174	0.020203456	
0.1441	0.80421174	0.020203456	
0.1442	0.80421174	0.020203456	
0.1443	0.80421174	0.020203456	
0.1444	0.80421174	0.020203456	
0.1445	0.80421174	0.020203456	
0.1446	0.80421174	0.020203456	
0.1447	0.80421174	0.020203456	
0.1448	0.80421174	0.020203456	
0.1449	0.80421174	0.020203456	
0.145	0.80421174	0.020203456	
0.1451	0.80421174	0.020203456	
0.1452	0.80421174	0.020203456	
0.1453	0.80421174	0.020203456	
0.1454	0.80421174	0.020203456	
0.1455	0.80421174	0.020203456	
0.1456	0.80421174	0.020203456	
0.1457	0.80421174	0.020203456	
0.1458	0.80421174	0.020203456	
0.1459	0.80421174	0.020203456	
0.146	0.80421174	0.020203456	
0.1461	0.80421174	0.020203456	
0.1462	0.80421174	0.020203456	
0.1463	0.80421174	0.020203456	
0.1464	0.80421174	0.020203456	
0.1465	0.80421174	0.020203456	
0.1466	0.80421174	0.020203456	
0.1467	0.80421174	0.020203456	
0.1468	0.80421174	0.020203456	
0.1469	0.80421174	0.020203456	
0.147	0.80421174	0.020203456	
0.1471	0.80421174	0.020203456	
0.1472	0.80421174	0.020203456	
0.1473	0.80421174	0.020203456	
0.1474	0.80421174	0.020203456	
0.1475	0.80421174	0.020203456	
0.1476	0.80421174	0.020203456	
0.1477	0.80421174	0.020203456	
0.1478	0.80421174	0.020203456	
0.1479	0.80421174	0.020203456	
0.148	0.80421174	0.020203456	
0.1481	0.80421174	0.020203456	
0.1482	0.80421174	0.020203456	
0.1483	0.80421174	0.020203456	
0.1484	0.80421174	0.020203456	
0.1485	0.80421174	0.020203456	
0.1486	0.80421174	0.020203456	
0.1487	0.80421174	0.020203456	
0.1488	0.80421174	0.020203456	
0.1489	0.80421174	0.020203456	
0.149	0.80421174	0.020203456	
0.1491	0.80421174	0.020203456	
0.1492	0.80421174	0.020203456	
0.1493	0.80421174	0.020203456	
0.1494	0.80421174	0.020203456	
0.1495	0.80421174	0.020203456	
0.1496	0.80421174	0.020203456	
0.1497	0.80421174	0.020203456	
0.1498	0.80421174	0.020203456	
0.1499	0.80421174	0.020203456	
0.15	0.80421174	0.020203456	
0.1501	0.80421174	0.020203456	
0.1502	0.80421174	0.020203456	
0.1503	0.80421174	0.020203456	
0.1504	0.80421174	0.020203456	
0.1505	0.80421174	0.020203456	
0.1506	0.80421174	0.020203456	
0.1507	0.80421174	0.020203456	
0.1508	0.80421174	0.020203456	
0.1509	0.80421174	0.020203456	
0.151	0.80421174	0.020203456	
0.1511	0.80421174	0.020203456	
0.1512	0.80421174	0.020203456	
0.1513	0.80421174	0.020203456	
0.1514	0.80421174	0.020203456	
0.1515	0.80421174	0.020203456	
0.1516	0.80421174	0.020203456	
0.1517	0.80421174	0.020203456	
0.1518	0.80421174	0.020203456	
0.1519	0.80421174	0.020203456	
0.152	0.80421174	0.020203456	
0.1521	0.80421174	0.020203456	
0.1522	0.80421174	0.020203456	
0.1523	0.80421174	0.020203456	
0.1524	0.80421174	0.020203456	
0.1525	0.80421174	0.020203456	
0.1526	0.80421174	0.020203456	
0.1527	0.80421174	0.020203456	
0.1528	0.80421174	0.020203456	
0.1529	0.80421174	0.020203456	
0.153	0.80421174	0.020203456	
0.1531	0.80421174	0.020203456	
0.1532	0.80421174	0.020203456	
0.1533	0.80421174	0.020203456	
0.1534	0.80421174	0.020203456	
0.1535	0.80421174	0.020203456	
0.1536	0.80421174	0.020203456	
0.1537	0.80421174	0.020203456	
0.1538	0.80421174	0.020203456	
0.1539	0.80421174	0.020203456	
0.154	0.80421174	0.020203456	
0.1541	0.80421174	0.020203456	
0.1542	0.80421174	0.020203456	
0.1543	0.80421174	0.020203456	
0.1544	0.80421174	0.020203456	
0.1545	0.80421174	0.020203456	
0.1546	0.80421174	0.020203456	
0.1547	0.80421174	0.020203456	
0.1548	0.80421174	0.020203456	
0.1549	0.80421174	0.020203456	
0.155	0.80421174	0.020203456	
0.1551	0.80421174	0.020203456	
0.1552	0.80421174	0.020203456	
0.1553	0.80421174	0.020203456	
0.1554	0.7933858	0.021149628	
0.1555	0.775832	0.022533923	
0.1556	0.754766	0.024187347	
0.1557	0.7324835	0.026050715	
0.1558	0.71062267	0.028077992	
0.1559	0.6899644	0.030238295	
0.156	0.6707289	0.032515917	
0.1561	0.6528847	0.034904096	
0.1562	0.63633955	0.03739782	
0.1563	0.6210138	0.039989796	
0.1564	0.60685366	0.04266924	
0.1565	0.5938229	0.0454222	
0.1566	0.58189386	0.048232358	
0.1567	0.5710418	0.051081773	
0.1568	0.561243	0.05395142	
0.1569	0.5524753	0.056821555	
0.157	0.5447187	0.05967193	
0.1571	0.53795713	0.062481955	
0.1572	0.5321793	0.06523079	
0.1573	0.5273797	0.06789744	
0.1574	0.5235595	0.070460826	
0.1575	0.5207275	0.07289985	
0.1576	0.518901	0.07519342	
0.1577	0.5181065	0.07732054	
0.1578	0.5183809	0.07926034	
0.1579	0.5197718	0.08099216	
0.158	0.52233917	0.08249557	
0.1581	0.52615523	0.0837504	
0.1582	0.53130525	0.08473666	
0.1583	0.5378874	0.08543427	
0.1584	0.54601145	0.08582238	
0.1585	0.5557963	0.085877955	
0.1586	0.5673649	0.08557296	
0.1587	0.58083594	0.08486916	
0.1588	0.59631073	0.083709	
0.1589	0.6138542	0.08200101	
0.159	0.6334682	0.07960055	
0.1591	0.6550584	0.076297164	
0.1592	0.67839533	0.071843795	
0.1593	0.7030772	0.06608502	
0.1594	0.7285027	0.059170008	
0.1595	0.7538702	0.05163943	
0.1596	0.7782193	0.044202674	
0.1597	0.80052704	0.03742211	
0.1598	0.81984305	0.03159764	
0.1599	0.8354036	0.026828928	
0.16	0.84665805	0.023114823	
0.1601	0.85321105	0.020424742	
0.1602	0.85475034	0.01873121	
0.1603	0.851028	0.017998487	
0.1604	0.84193504	0.018127764	
0.1605	0.8276646	0.018918945	
0.1606	0.8089036	0.02014138	
0.1607	0.7869052	0.021641886	
0.1608	0.76328	0.023351703	
0.1609	0.73953325	0.025236066	
0.161	0.7166779	0.027269414	
0.1611	0.69518244	0.029434716	
0.1612	0.6751556	0.03172334	
0.1613	0.6565486	0.034130838	
0.1614	0.6392774	0.03665252	
0.1615	0.6232694	0.039280936	
0.1616	0.6084716	0.042005215	
0.1617	0.5948446	0.044811405	
0.1618	0.58235586	0.047683172	
0.1619	0.5709757	0.050602484	
0.162	0.5606758	0.053550135	
0.1621	0.5514294	0.056506123	
0.1622	0.5432124	0.0594499	
0.1623	0.5360043	0.062360547	
0.1624	0.5297893	0.06521691	
0.1625	0.5245576	0.067997664	
0.1626	0.5203057	0.07068141	
0.1627	0.5170379	0.0732467	
0.1628	0.51476705	0.07567209	
0.1629	0.5135149	0.077936195	
0.163	0.5133136	0.08001773	
0.1631	0.5142064	0.08189557	
0.1632	0.5162485	0.08354881	
0.1633	0.51950806	0.08495679	
0.1634	0.52406657	0.0860991	
0.1635	0.5300194	0.086955436	
0.1636	0.53747535	0.08750514	
0.1637	0.54655474	0.08772624	
0.1638	0.5573859	0.08759344	
0.1639	0.5700988	0.087074086	
0.164	0.584814	0.08612095	
0.1641	0.60162616	0.08465968	
0.1642	0.62058026	0.08256981	
0.1643	0.64163995	0.07966355	
0.1644	0.6646489	0.07568552	
0.1645	0.68928856	0.0703901	
0.1646	0.7150426	0.06374524	
0.1647	0.7411797	0.05613879	
0.1648	0.7667745	0.048293356	
0.1649	0.7907819	0.040909234	
0.165	0.81216836	0.034420792	
0.1651	0.83005506	0.02900306	
0.1652	0.8437935	0.024679784	
0.1653	0.85293394	0.021417454	
0.1654	0.85713816	0.019179257	
0.1655	0.8561198	0.017937606	
0.1656	0.84966767	0.017637765	
0.1657	0.83777165	0.018131481	
0.1658	0.8208266	0.01918127	
0.1659	0.7998061	0.020578511	
0.166	0.7762248	0.022216104	
0.1661	0.75176936	0.024049502	
0.1662	0.7277905	0.026050024	
0.1663	0.7050493	0.02819559	
0.1664	0.683815	0.03047321	
0.1665	0.66409326	0.032876723	
0.1666	0.6458009	0.03540184	
0.1667	0.6288503	0.038042445	
0.1668	0.6131729	0.04078902	
0.1669	0.59871846	0.043628614	
0.167	0.58544713	0.04654546	
0.1671	0.5733239	0.049521755	
0.1672	0.5623158	0.05253829	
0.1673	0.55239165	0.055574916	
0.1674	0.5435223	0.058610875	
0.1675	0.5356821	0.061624996	
0.1676	0.5288498	0.064595856	
0.1677	0.52300966	0.06750185	
0.1678	0.5181526	0.0703213	
0.1679	0.51427674	0.07303243	
0.168	0.5113885	0.07561349	
0.1681	0.50950336	0.07804274	
0.1682	0.50864667	0.08029849	
0.1683	0.50885487	0.082359195	
0.1684	0.5101759	0.08420344	
0.1685	0.5126708	0.08581006	
0.1686	0.51641417	0.087158136	
0.1687	0.521495	0.088226974	
0.1688	0.52801675	0.088995904	
0.1689	0.53609705	0.08944372	
0.169	0.545865	0.08954742	
0.1691	0.55745745	0.08927964	
0.1692	0.5710106	0.08860365	
0.1693	0.5866476	0.087464206	
0.1694	0.6044589	0.085771926	
0.1695	0.62447464	0.08338062	
0.1696	0.6466288	0.08006575	
0.1697	0.6707159	0.075540215	
0.1698	0.6963476	0.069580816	
0.1699	0.7229186	0.06228471	
0.17	0.7496001	0.0542226	
0.1701	0.7753799	0.046203244	
0.1702	0.79916453	0.038876604	
0.1703	0.81993276	0.032579705	
0.1704	0.8368732	0.02741242	
0.1705	0.84942	0.023358187	
0.1706	0.85718316	0.020368852	
0.1707	0.85985094	0.018406771	
0.1708	0.8571465	0.017443383	
0.1709	0.8488831	0.017405732	
0.171	0.8351269	0.018110458	
0.1711	0.8164216	0.019306503	
0.1712	0.7939377	0.020809684	
0.1713	0.76934314	0.022539716	
0.1714	0.74433506	0.024461862	
0.1715	0.7201401	0.026549475	
0.1716	0.6973669	0.028782593	
0.1717	0.676181	0.031150378	
0.1718	0.6565409	0.03364753	
0.1719	0.6383496	0.036269255	
0.172	0.6215183	0.039008126	
0.1721	0.60597944	0.041853085	
0.1722	0.5916817	0.04478972	
0.1723	0.5785828	0.047801014	
0.1724	0.56664443	0.050868124	
0.1725	0.5558302	0.053970996	
0.1726	0.54610574	0.057088807	
0.1727	0.53743964	0.060200233	
0.1728	0.52980435	0.063283645	
0.1729	0.5231775	0.06631721	
0.173	0.51754284	0.06927899	
0.1731	0.51289105	0.07214698	
0.1732	0.50922084	0.074899144	
0.1733	0.50653946	0.077513434	
0.1734	0.504864	0.079967834	
0.1735	0.50422156	0.082240395	
0.1736	0.504651	0.08430928	
0.1737	0.50620335	0.0861528	
0.1738	0.50894326	0.0877495	
0.1739	0.5129496	0.08907819	
0.174	0.5183163	0.090117864	
0.1741	0.5251529	0.09084752	
0.1742	0.5335834	0.09124553	
0.1743	0.54374415	0.091288224	
0.1744	0.55577916	0.09094702	
0.1745	0.56983167	0.09018274	
0.1746	0.58602977	0.08893524	
0.1747	0.60446537	0.087105624	
0.1748	0.6251641	0.08453059	
0.1749	0.6480458	0.08096005	
0.175	0.6728785	0.076083526	
0.1751	0.6992328	0.06969074	
0.1752	0.726449	0.061961416	
0.1753	0.7536364	0.053576414	
0.1754	0.7797266	0.045390487	
0.1755	0.8035937	0.038024325	
0.1756	0.8242219	0.03176415	
0.1757	0.84083766	0.026671223	
0.1758	0.85292083	0.022707518	
0.1759	0.8601127	0.019816145	
0.176	0.86211294	0.017958285	
0.1761	0.8586434	0.0171054	
0.1762	0.84951955	0.017176982	
0.1763	0.8348327	0.017973725	
0.1764	0.81518966	0.019238295	
0.1765	0.7918547	0.020797059	
0.1766	0.76657885	0.02258091	
0.1767	0.7410819	0.024558932	
0.1768	0.7165517	0.026705053	
0.1769	0.69354165	0.028999913	
0.177	0.6721778	0.031433266	
0.1771	0.65239924	0.033999857	
0.1772	0.63410175	0.0366944	
0.1773	0.6171933	0.039508644	
0.1774	0.6016035	0.042430602	
0.1775	0.58727807	0.045444973	
0.1776	0.57417095	0.048533943	
0.1777	0.56224024	0.05167797	
0.1778	0.551446	0.054856423	
0.1779	0.54175085	0.05804798	
0.178	0.5331206	0.061230898	
0.1781	0.52552545	0.064383194	
0.1782	0.5189412	0.06748273	
0.1783	0.5133501	0.070507295	
0.1784	0.508742	0.07343463	
0.1785	0.5051146	0.07624245	
0.1786	0.502475	0.07890847	
0.1787	0.50083995	0.08141044	
0.1788	0.5002369	0.083726145	
0.1789	0.50070524	0.08583349	
0.179	0.50229675	0.0877105	
0.1791	0.50507736	0.08933544	
0.1792	0.50912774	0.090686806	
0.1793	0.5145444	0.091743305	
0.1794	0.5214398	0.09248367	
0.1795	0.52994204	0.09288603	
0.1796	0.5401925	0.09292655	
0.1797	0.5523415	0.09257655	
0.1798	0.5665395	0.09179675	
0.1799	0.582923	0.09052654	
0.18	0.6015926	0.0886654	
0.1801	0.6225819	0.08604524	
0.1802	0.64581645	0.082404695	
0.1803	0.6710653	0.07741329	
0.1804	0.6978925	0.07084088	
0.1805	0.7256225	0.06287316	
0.1806	0.7533393	0.054233592	
0.1807	0.7799428	0.045822382	
0.1808	0.80427665	0.038278256	
0.1809	0.8253057	0.03188349	
0.181	0.8422543	0.026688144	
0.1811	0.8546127	0.022643305	
0.1812	0.8620351	0.019683938	
0.1813	0.8642266	0.017767122	
0.1814	0.86090165	0.016866121	
0.1815	0.8518524	0.016907657	
0.1816	0.8371343	0.017695999	
0.1817	0.8173185	0.018966367	
0.1818	0.7936573	0.020537017	
0.1819	0.76793385	0.02233778	
0.182	0.74193394	0.02433901	
0.1821	0.71690786	0.026514523	
0.1822	0.6934435	0.028844045	
0.1823	0.67167753	0.031316616	
0.1824	0.6515474	0.03392661	
0.1825	0.6329433	0.036668494	
0.1826	0.61576706	0.03953378	
0.1827	0.59994286	0.042510167	
0.1828	0.5854114	0.045581985	
0.1829	0.5721224	0.04873102	
0.183	0.56003	0.051937334	
0.1831	0.5490908	0.0551799	
0.1832	0.539264	0.058437057	
0.1833	0.5305125	0.06168675	
0.1834	0.52280366	0.064906724	
0.1835	0.5161108	0.06807461	
0.1836	0.51041377	0.07116796	
0.1837	0.50570023	0.07416432	
0.1838	0.50196624	0.07704121	
0.1839	0.4992169	0.07977613	
0.184	0.49746734	0.08234663	
0.1841	0.4967436	0.084730275	
0.1842	0.49708343	0.08690472	
0.1843	0.49853757	0.088847734	
0.1844	0.5011709	0.09053728	
0.1845	0.5050631	0.09195156	
0.1846	0.51031053	0.09306899	
0.1847	0.5170257	0.09386808	
0.1848	0.525338	0.09432689	
0.1849	0.53539133	0.09442188	
0.185	0.5473405	0.09412525	
0.1851	0.56134313	0.09339977	
0.1852	0.5775463	0.092188716	
0.1853	0.5960656	0.090397954	
0.1854	0.61695457	0.087867945	
0.1855	0.6401637	0.084342934	
0.1856	0.6654905	0.079479575	
0.1857	0.69252795	0.07299443	
0.1858	0.7206248	0.06499263	
0.1859	0.74887764	0.056164965	
0.186	0.77617943	0.047462493	
0.1861	0.8013435	0.03959788	
0.1862	0.8232866	0.03289898	
0.1863	0.8411866	0.027431138	
0.1864	0.85450816	0.023143675	
0.1865	0.86290145	0.01996274	
0.1866	0.8660764	0.017836707	
0.1867	0.8637409	0.016739361	
0.1868	0.85564816	0.016616428	
0.1869	0.8417672	0.01729716	
0.187	0.8225413	0.01851232	
0.1871	0.7991009	0.020053087	
0.1872	0.7731941	0.021834502	
0.1873	0.74670196	0.023825932	
0.1874	0.7210353	0.026001135	
0.1875	0.69690996	0.028337691	
0.1876	0.674526	0.030822618	
0.1877	0.6538387	0.033449434	
0.1878	0.63473535	0.03621259	
0.1879	0.6171091	0.03910391	
0.188	0.60087574	0.042111397	
0.1881	0.5859695	0.04521952	
0.1882	0.57233506	0.048410032	
0.1883	0.55992246	0.051662866	
0.1884	0.5486847	0.054956798	
0.1885	0.5385776	0.058269933	
0.1886	0.52956057	0.06158	
0.1887	0.5215978	0.06486454	
0.1888	0.5146593	0.068100974	
0.1889	0.5087218	0.07126671	
0.189	0.50377	0.07433911	
0.1891	0.49979672	0.07729552	
0.1892	0.49680412	0.08011331	
0.1893	0.49480432	0.082769826	
0.1894	0.49382022	0.08524247	
0.1895	0.4938865	0.087508686	
0.1896	0.4950507	0.08954599	
0.1897	0.4973743	0.09133207	
0.1898	0.50093406	0.09284485	
0.1899	0.50582296	0.09406247	
0.19	0.5121512	0.09496321	
0.1901	0.52004606	0.09552514	
0.1902	0.5296513	0.0957252	
0.1903	0.54112345	0.095537096	
0.1904	0.55462587	0.094926946	
0.1905	0.5703164	0.093844794	
0.1906	0.5883291	0.09220882	
0.1907	0.60874546	0.08987908	
0.1908	0.63155556	0.08662312	
0.1909	0.6566083	0.0821027	
0.191	0.68355715	0.075971894	
0.1911	0.71181357	0.068182535	
0.1912	0.7405263	0.059292767	
0.1913	0.7686137	0.05027778	
0.1914	0.7948693	0.04197482	
0.1915	0.81814206	0.03481552	
0.1916	0.83752036	0.028914671	
0.1917	0.85240066	0.024233356	
0.1918	0.8624062	0.020690408	
0.1919	0.8672492	0.01822065	
0.192	0.86663896	0.016792014	
0.1921	0.8602926	0.016371127	
0.1922	0.8480701	0.016832765	
0.1923	0.83022153	0.017921504	
0.1924	0.807648	0.019388944	
0.1925	0.7819571	0.021115532	
0.1926	0.75509787	0.023063935	
0.1927	0.7287142	0.025208693	
0.1928	0.70375305	0.027524808	
0.1929	0.6805494	0.029995857	
0.193	0.65910774	0.032613605	
0.1931	0.63932055	0.035372443	
0.1932	0.6210713	0.038264945	
0.1933	0.6042647	0.04127997	
0.1934	0.58882636	0.04440266	
0.1935	0.57469493	0.047615148	
0.1936	0.56181604	0.050897505	
0.1937	0.550139	0.054228496	
0.1938	0.53961605	0.057586115	
0.1939	0.53020304	0.060947955	
0.194	0.5218605	0.064291395	
0.1941	0.51455456	0.067593716	
0.1942	0.5082583	0.07083217	
0.1943	0.5029522	0.07398399	
0.1944	0.49862528	0.07702641	
0.1945	0.49527562	0.07993666	
0.1946	0.49291107	0.08269196	
0.1947	0.49155024	0.08526955	
0.1948	0.49122316	0.0876467	
0.1949	0.49197254	0.08980074	
0.195	0.49385485	0.09170912	
0.1951	0.49694148	0.09334948	
0.1952	0.50132006	0.09469968	
0.1953	0.50709546	0.09573778	
0.1954	0.51439035	0.09644182	
0.1955	0.5233448	0.096789226	
0.1956	0.5341144	0.09675522	
0.1957	0.5468648	0.09630961	
0.1958	0.56176287	0.09541013	
0.1959	0.5789605	0.09398978	
0.196	0.59856987	0.09193437	
0.1961	0.6206282	0.08904851	
0.1962	0.6450501	0.08502479	
0.1963	0.67157316	0.07948119	
0.1964	0.6997039	0.0721913	
0.1965	0.72868305	0.06346839	
0.1966	0.7574941	0.05421712	
0.1967	0.7849406	0.04541591	
0.1968	0.80980617	0.0376671	
0.1969	0.8310577	0.031185267	
0.197	0.8479744	0.02596752	
0.1971	0.8601154	0.021932893	
0.1972	0.8671826	0.019000428	
0.1973	0.86889595	0.017123032	
0.1974	0.86495554	0.016277496	
0.1975	0.85512453	0.01639229	
0.1976	0.8394389	0.017259885	
0.1977	0.818491	0.018601356	
0.1978	0.79361457	0.020238146	
0.1979	0.76671386	0.022110863	
0.198	0.73967093	0.024194645	
0.1981	0.7137646	0.026463179	
0.1982	0.689565	0.028895404	
0.1983	0.6671822	0.031479865	
0.1984	0.6465342	0.034210276	
0.1985	0.6274979	0.037080072	
0.1986	0.60996467	0.040079493	
0.1987	0.5938489	0.043194868	
0.1988	0.5790815	0.04640918	
0.1989	0.565603	0.049702972	
0.199	0.55335885	0.053055204	
0.1991	0.5422976	0.056443915	
0.1992	0.5323716	0.05984662	
0.1993	0.5235372	0.0632406	
0.1994	0.5157566	0.06660303	
0.1995	0.5089983	0.06991103	
0.1996	0.5032383	0.07314174	
0.1997	0.49846095	0.07627228	
0.1998	0.49465933	0.07927978	
0.1999	0.49183625	0.08214137	
0.2	0.49000487	0.08483417	
0.2001	0.4891896	0.087335326	
0.2002	0.48942706	0.08962201	
0.2003	0.49076718	0.091671474	
0.2004	0.4932745	0.09346111	
0.2005	0.4970294	0.09496851	
0.2006	0.50212926	0.0961715	
0.2007	0.50868946	0.09704802	
0.2008	0.5168437	0.097575784	
0.2009	0.5267427	0.097731255	
0.201	0.53855115	0.097487405	
0.2011	0.55244064	0.09680898	
0.2012	0.56857723	0.09564311	
0.2013	0.58710116	0.09390186	
0.2014	0.6080965	0.09143276	
0.2015	0.6315482	0.087980725	
0.2016	0.6572899	0.08317673	
0.2017	0.68494546	0.07666029	
0.2018	0.71388155	0.068433836	
0.2019	0.7431904	0.05916801	
0.202	0.7717322	0.049913533	
0.2021	0.7982584	0.041498143	
0.2022	0.82160956	0.034308046	
0.2023	0.8409027	0.028419336	
0.2024	0.8555791	0.023769792	
0.2025	0.86529833	0.020266738	
0.2026	0.86978924	0.017841276	
0.2027	0.8687596	0.016462423	
0.2028	0.8619147	0.01609828	
0.2029	0.84910595	0.016618304	
0.203	0.83059436	0.017756814	
0.2031	0.80732405	0.01926484	
0.2032	0.7809719	0.021031016	
0.2033	0.7535468	0.023023294	
0.2034	0.7267097	0.025216928	
0.2035	0.7013895	0.027586559	
0.2036	0.6778962	0.030115634	
0.2037	0.6562177	0.032795727	
0.2038	0.63623744	0.03562074	
0.2039	0.6178334	0.038582526	
0.204	0.6009057	0.04166914	
0.2041	0.58537525	0.04486493	
0.2042	0.57117593	0.048151318	
0.2043	0.5582488	0.051507756	
0.2044	0.54653895	0.054912474	
0.2045	0.53599477	0.05834305	
0.2046	0.52656895	0.061776705	
0.2047	0.518219	0.06519053	
0.2048	0.5109089	0.06856156	
0.2049	0.5046097	0.07186683	
0.205	0.49930027	0.0750834	
0.2051	0.49496835	0.0781883	
0.2052	0.49161097	0.08115859	
0.2053	0.48923522	0.08397133	
0.2054	0.48785898	0.08660355	
0.2055	0.48751196	0.089032315	
0.2056	0.48823664	0.09123472	
0.2057	0.4900895	0.09318797	
0.2058	0.49314228	0.09486941	
0.2059	0.49748337	0.09625663	
0.206	0.5032189	0.097327374	
0.2061	0.51047343	0.09805945	
0.2062	0.51939005	0.09843011	
0.2063	0.5301283	0.09841462	
0.2064	0.5428596	0.09798314	
0.2065	0.5577584	0.0970943	
0.2066	0.5749864	0.0956827	
0.2067	0.594668	0.09363624	
0.2068	0.6168539	0.09076053	
0.2069	0.64147353	0.08674284	
0.207	0.668277	0.081179656	
0.2071	0.69677883	0.073803835	
0.2072	0.72621864	0.06490035	
0.2073	0.7555672	0.055399735	
0.2074	0.7836029	0.046337016	
0.2075	0.8090762	0.038352452	
0.2076	0.83092314	0.03167129	
0.2077	0.8484072	0.02628683	
0.2078	0.8610892	0.022109382	
0.2079	0.86868227	0.019048719	
0.208	0.870915	0.01705105	
0.2081	0.8674822	0.016094288	
0.2082	0.8581165	0.016120747	
0.2083	0.8427925	0.01693774	
0.2084	0.82202	0.01825904	
0.2085	0.7970656	0.019888364	
0.2086	0.76983505	0.021760194	
0.2087	0.7422947	0.023850953	
0.2088	0.7158338	0.026134351	
0.2089	0.6910981	0.028587706	
0.209	0.66823006	0.031198159	
0.2091	0.6471535	0.03395875	
0.2092	0.6277406	0.036862716	
0.2093	0.6098752	0.039900213	
0.2094	0.5934647	0.043057494	
0.2095	0.5784341	0.04631737	
0.2096	0.56471896	0.049660146	
0.2097	0.55226046	0.053064518	
0.2098	0.54100347	0.05650824	
0.2099	0.53089666	0.059968576	
0.21	0.5218934	0.063422576	
0.2101	0.5139526	0.06684721	
0.2102	0.50704014	0.070219435	
0.2103	0.5011294	0.07351622	
0.2104	0.4962022	0.07671455	
0.2105	0.4922493	0.07979143	
0.2106	0.4892713	0.08272383	
0.2107	0.48727912	0.08548876	
0.2108	0.48629498	0.08806319	
0.2109	0.4863533	0.090424106	
0.211	0.48750186	0.09254857	
0.2111	0.48980296	0.094413735	
0.2112	0.49333486	0.09599694	
0.2113	0.49819303	0.097275734	
0.2114	0.50449127	0.098227836	
0.2115	0.5123623	0.09883084	
0.2116	0.52195704	0.09906142	
0.2117	0.533442	0.098893404	
0.2118	0.5469936	0.09829367	
0.2119	0.56278634	0.09721382	
0.212	0.58097476	0.095574275	
0.2121	0.60166395	0.093236424	
0.2122	0.62486887	0.089962736	
0.2123	0.65046114	0.085390784	
0.2124	0.6781092	0.07911764	
0.2125	0.707225	0.07102832	
0.2126	0.7369376	0.06168394	
0.2127	0.76612246	0.05215423	
0.2128	0.7935129	0.04337147	
0.2129	0.81789464	0.035806403	
0.213	0.8383142	0.029572833	
0.2131	0.8541605	0.024615722	
0.2132	0.8650756	0.020834943	
0.2133	0.8707956	0.018148957	
0.2134	0.8710381	0.016517969	
0.2135	0.8654924	0.015919667	
0.2136	0.8539404	0.01625856	
0.2137	0.8365042	0.017291108	
0.2138	0.8139449	0.018741928	
0.2139	0.78780067	0.020467311	
0.214	0.760098	0.022427637	
0.2141	0.7326709	0.024599962	
0.2142	0.706645	0.026957672	
0.2143	0.6824539	0.029481279	
0.2144	0.660134	0.03216054	
0.2145	0.6395766	0.034988955	
0.2146	0.6206525	0.037958745	
0.2147	0.60325223	0.041058518	
0.2148	0.58728856	0.044273045	
0.2149	0.57268935	0.04758398	
0.215	0.5593911	0.05097081	
0.2151	0.547335	0.054411706	
0.2152	0.53646606	0.057884097	
0.2153	0.5267334	0.061365053	
0.2154	0.5180914	0.0648315	
0.2155	0.51050043	0.06826034	
0.2156	0.5039283	0.07162847	
0.2157	0.49835065	0.07491283	
0.2158	0.49375188	0.07809036	
0.2159	0.4901257	0.08113801	
0.216	0.48747584	0.084032714	
0.2161	0.48581675	0.08675142	
0.2162	0.48517454	0.089271046	
0.2163	0.4855879	0.09156855	
0.2164	0.48710936	0.09362094	
0.2165	0.48980647	0.095405355	
0.2166	0.49376333	0.09689912	
0.2167	0.49908176	0.09807978	
0.2168	0.5058823	0.09892498	
0.2169	0.51430476	0.099412076	
0.217	0.5245066	0.09951707	
0.2171	0.5366601	0.09921212	
0.2172	0.55094427	0.09846037	
0.2173	0.56753224	0.0972056	
0.2174	0.5865687	0.095352754	
0.2175	0.60813755	0.09273522	
0.2176	0.6322158	0.089073226	
0.2177	0.6586174	0.08396707	
0.2178	0.68693244	0.07705102	
0.2179	0.7164791	0.0683981	
0.218	0.7462918	0.05879996	
0.2181	0.7751752	0.04936539	
0.2182	0.80184644	0.040892817	
0.2183	0.82514995	0.033716	
0.2184	0.84424174	0.027873155	
0.2185	0.8586115	0.023281561	
0.2186	0.8679531	0.019839797	
0.2187	0.872008	0.017477348	
0.2188	0.87047994	0.01616534	
0.2189	0.8630639	0.015872253	
0.219	0.8496093	0.016459284	
0.2191	0.83040035	0.01765012	
0.2192	0.8064378	0.019198827	
0.2193	0.7794729	0.021004412	
0.2194	0.7515649	0.023039773	
0.2195	0.72437227	0.025280379	
0.2196	0.6987895	0.02770059	
0.2197	0.6750947	0.030283919	
0.2198	0.6532581	0.03302181	
0.2199	0.6331547	0.03590766	
0.22	0.6146584	0.038932566	
0.2201	0.5976656	0.042083785	
0.2202	0.58209324	0.045344897	
0.2203	0.5678713	0.04869666	
0.2204	0.55493665	0.052117974	
0.2205	0.5432308	0.05558662	
0.2206	0.5326989	0.059079815	
0.2207	0.52329105	0.0625745	
0.2208	0.5149624	0.06604752	
0.2209	0.5076751	0.069475725	
0.221	0.5013987	0.072836	
0.2211	0.496111	0.07610523	
0.2212	0.49179888	0.07926033	
0.2213	0.48845866	0.08227822	
0.2214	0.48609698	0.0851358	
0.2215	0.48473153	0.08780998	
0.2216	0.4843919	0.09027763	
0.2217	0.48512068	0.09251567	
0.2218	0.48697472	0.0945011	
0.2219	0.49002632	0.09621104	
0.222	0.49436486	0.09762281	
0.2221	0.5000978	0.098713964	
0.2222	0.5073518	0.099462055	
0.2223	0.51627266	0.09984416	
0.2224	0.52702355	0.099835485	
0.2225	0.5397809	0.099406324	
0.2226	0.5547254	0.098515704	
0.2227	0.5720265	0.09709886	
0.2228	0.59181756	0.09504419	
0.2229	0.6141594	0.09215627	
0.223	0.63899046	0.08811577	
0.2231	0.6660678	0.082500994	
0.2232	0.6949071	0.07501666	
0.2233	0.7247418	0.0659366	
0.2234	0.7545268	0.05622206	
0.2235	0.78301656	0.04695294	
0.2236	0.8089347	0.038792863	
0.2237	0.8311968	0.03196942	
0.2238	0.84905994	0.02646955	
0.2239	0.8620918	0.022195347	
0.224	0.8700171	0.019049024	
0.2241	0.872573	0.016971495	
0.2242	0.86945134	0.015940834	
0.2243	0.86036384	0.015908541	
0.2244	0.8452426	0.016692828	
0.2245	0.8245407	0.018003112	
0.2246	0.7994787	0.019630494	
0.2247	0.77196395	0.021505171	
0.2248	0.74402356	0.02360486	
0.2249	0.7171265	0.025903482	
0.225	0.6919737	0.028377172	
0.2251	0.6687305	0.031011976	
0.2252	0.6473248	0.03380035	
0.2253	0.627625	0.03673526	
0.2254	0.60950917	0.03980671	
0.2255	0.59287894	0.04300079	
0.2256	0.5776545	0.04630012	
0.2257	0.56376714	0.049684767	
0.2258	0.5511545	0.053133175	
0.2259	0.5397581	0.056622863	
0.226	0.5295238	0.06013088	
0.2261	0.52040225	0.06363408	
0.2262	0.51235	0.06710928	
0.2263	0.5053307	0.07053329	
0.2264	0.4993156	0.07388296	
0.2265	0.49428466	0.077135175	
0.2266	0.49022692	0.08026681	
0.2267	0.48714122	0.08325477	
0.2268	0.48503688	0.086075924	
0.2269	0.48393452	0.08870713	
0.227	0.483867	0.09112525	
0.2271	0.48488042	0.09330718	
0.2272	0.4870356	0.095229894	
0.2273	0.49040928	0.09687053	
0.2274	0.49509552	0.09820641	
0.2275	0.50120705	0.09921507	
0.2276	0.5088758	0.09987397	
0.2277	0.5182529	0.10015986	
0.2278	0.5295064	0.10004707	
0.2279	0.5428158	0.0995038	
0.228	0.55836195	0.098484576	
0.2281	0.57630956	0.09691545	
0.2282	0.5967791	0.09466737	
0.2283	0.619807	0.09151578	
0.2284	0.64529264	0.08710591	
0.2285	0.6729374	0.08101072	
0.2286	0.70218694	0.07303288	
0.2287	0.7321983	0.063641734	
0.2288	0.7618601	0.05390778	
0.2289	0.7898942	0.04484195	
0.229	0.8150474	0.036984805	
0.2291	0.8363119	0.030482627	
0.2292	0.8530346	0.025287362	
0.2293	0.86484176	0.021293651	
0.2294	0.871475	0.018410023	
0.2295	0.87266207	0.016588181	
0.2296	0.8680872	0.015808865	
0.2297	0.8574894	0.016000483	
0.2298	0.8408954	0.016942805	
0.2299	0.8189287	0.018346556	
0.23	0.7930065	0.02004043	
0.2301	0.76513964	0.021975854	
0.2302	0.7372787	0.024131408	
0.2303	0.7107061	0.026480189	
0.2304	0.6859634	0.029000454	
0.2305	0.66313356	0.03168029	
0.2306	0.64211774	0.034512676	
0.2307	0.62278235	0.03748999	
0.2308	0.60501033	0.04060121	
0.2309	0.58870775	0.043831423	
0.231	0.57379735	0.04716245	
0.2311	0.5602116	0.050573822	
0.2312	0.54788846	0.05404364	
0.2313	0.53677	0.057549216	
0.2314	0.5268026	0.0610675	
0.2315	0.51793784	0.06457528	
0.2316	0.51013356	0.06804934	
0.2317	0.5033548	0.071466476	
0.2318	0.49757472	0.07480353	
0.2319	0.49277505	0.07803736	
0.232	0.48894706	0.08114484	
0.2321	0.48609185	0.08410283	
0.2322	0.48422125	0.086888194	
0.2323	0.48335862	0.089477755	
0.2324	0.4835398	0.09184836	
0.2325	0.48481432	0.09397688	
0.2326	0.48724657	0.0958403	
0.2327	0.49091733	0.09741576	
0.2328	0.49592513	0.0986806	
0.2329	0.50238734	0.09961233	
0.233	0.51044095	0.100188315	
0.2331	0.52024156	0.100384906	
0.2332	0.53196126	0.10017545	
0.2333	0.54578185	0.09952586	
0.2334	0.56188345	0.09838578	
0.2335	0.5804244	0.0966714	
0.2336	0.60151124	0.09423543	
0.2337	0.625155	0.09082429	
0.2338	0.6512157	0.08605292	
0.2339	0.67934036	0.07950616	
0.234	0.70890844	0.07110548	
0.2341	0.73900837	0.061498538	
0.2342	0.7684742	0.05181277	
0.2343	0.7960097	0.04296949	
0.2344	0.82039696	0.035401765	
0.2345	0.8407062	0.029193463	
0.2346	0.8563619	0.024272604	
0.2347	0.867034	0.020531293	
0.2348	0.87247115	0.017885806	
0.2349	0.8723899	0.01629744	
0.235	0.86647207	0.015745245	
0.2351	0.8544938	0.01613021	
0.2352	0.83658576	0.017200772	
0.2353	0.81354046	0.018680612	
0.2354	0.7869463	0.02043286	
0.2355	0.7588731	0.022422541	
0.2356	0.7311649	0.024627322	
0.2357	0.70492864	0.027020268	
0.2358	0.68057543	0.029581828	
0.2359	0.65812767	0.032301676	
0.236	0.63746953	0.035172984	
0.2361	0.6184684	0.038187455	
0.2362	0.6010119	0.04133312	
0.2363	0.5850099	0.0445942	
0.2364	0.57038724	0.04795186	
0.2365	0.5570773	0.05138519	
0.2366	0.5450186	0.054872025	
0.2367	0.5341537	0.058389533	
0.2368	0.5244297	0.061914574	
0.2369	0.51579905	0.065423906	
0.237	0.50822085	0.0688943	
0.2371	0.5016618	0.07230252	
0.2372	0.49609652	0.07562542	
0.2373	0.49150878	0.078839846	
0.2374	0.48789173	0.08192264	
0.2375	0.48524874	0.08485068	
0.2376	0.48359397	0.08760076	
0.2377	0.48295337	0.09014972	
0.2378	0.48336563	0.092474386	
0.2379	0.48488337	0.09455162	
0.238	0.4875745	0.09635841	
0.2381	0.4915235	0.09787191	
0.2382	0.49683312	0.09906948	
0.2383	0.50362504	0.09992861	
0.2384	0.51204056	0.10042652	
0.2385	0.5222398	0.10053914	
0.2386	0.53439784	0.100238696	
0.2387	0.5486982	0.099488616	
0.2388	0.56531906	0.09823322	
0.2389	0.5844116	0.0963782	
0.239	0.6060671	0.093757205	
0.2391	0.6302703	0.09008814	
0.2392	0.6568415	0.08496165	
0.2393	0.6853748	0.077991724	
0.2394	0.71518683	0.069233075	
0.2395	0.74530417	0.059487488	
0.2396	0.7745167	0.049897153	
0.2397	0.8015222	0.041285448	
0.2398	0.82514703	0.033993267	
0.2399	0.8445378	0.028056288	
0.24	0.85918546	0.023386275	
0.2401	0.86879164	0.01987604	
0.2402	0.8731056	0.017450312	
0.2403	0.87183267	0.016078435	
0.2404	0.86465764	0.015733477	
0.2405	0.8514033	0.016286405	
0.2406	0.8323119	0.017462706	
0.2407	0.8083411	0.019006928	
0.2408	0.7812253	0.02081188	
0.2409	0.75305444	0.022850681	
0.241	0.72554773	0.02509951	
0.2411	0.699651	0.02753205	
0.2412	0.67566854	0.030130861	
0.2413	0.65357757	0.032886818	
0.2414	0.6332521	0.035793055	
0.2415	0.6145618	0.038840562	
0.2416	0.5973989	0.042016502	
0.2417	0.5816764	0.045304336	
0.2418	0.5673211	0.04868468	
0.2419	0.55426717	0.05213626	
0.242	0.5424536	0.055636708	
0.2421	0.53182346	0.059163064	
0.2422	0.5223246	0.06269214	
0.2423	0.51391065	0.06620068	
0.2424	0.50654197	0.069665425	
0.2425	0.50018656	0.07306315	
0.2426	0.49482083	0.076370694	
0.2427	0.4904303	0.07956489	
0.2428	0.48701003	0.08262259	
0.2429	0.4845655	0.085520625	
0.243	0.48311308	0.08823581	
0.2431	0.48268124	0.09074494	
0.2432	0.48331138	0.09302484	
0.2433	0.48505908	0.095052384	
0.2434	0.4879955	0.09680456	
0.2435	0.49220884	0.09825854	
0.2436	0.49780557	0.09939171	
0.2437	0.50491154	0.10018152	
0.2438	0.5136723	0.10060504	
0.2439	0.5242514	0.10063769	
0.244	0.536827	0.10025048	
0.2441	0.5515833	0.09940408	
0.2442	0.56869566	0.09803707	
0.2443	0.5883073	0.09604388	
0.2444	0.61049294	0.09323838	
0.2445	0.6352101	0.089310676	
0.2446	0.66223925	0.083834134	
0.2447	0.69112206	0.07646868	
0.2448	0.721116	0.06741089	
0.2449	0.75119174	0.05758909	
0.245	0.7801038	0.04812768	
0.2451	0.8065546	0.039751034	
0.2452	0.82942146	0.032721642	
0.2453	0.8479239	0.027037704	
0.2454	0.8616094	0.022600198	
0.2455	0.8702021	0.019304862	
0.2456	0.87344736	0.017085152	
0.2457	0.87104034	0.015916625	
0.2458	0.8626748	0.01576222	
0.2459	0.84822893	0.016461894	
0.246	0.8280631	0.017726954	
0.2461	0.80329454	0.01932759	
0.2462	0.7757788	0.021181116	
0.2463	0.74759305	0.023264933	
0.2464	0.7203212	0.025553772	
0.2465	0.69476295	0.028022418	
0.2466	0.67113477	0.03065538	
0.2467	0.64938045	0.033444412	
0.2468	0.62936795	0.03638245	
0.2469	0.6109703	0.03945976	
0.247	0.5940839	0.0426627	
0.2471	0.5786248	0.04597406	
0.2472	0.56452096	0.049373988	
0.2473	0.55170757	0.052840915	
0.2474	0.540124	0.056352295	
0.2475	0.52971417	0.05988509	
0.2476	0.5204266	0.063416064	
0.2477	0.512216	0.06692194	
0.2478	0.505044	0.07037947	
0.2479	0.49888012	0.07376543	
0.248	0.49370235	0.077056624	
0.2481	0.4894979	0.08022991	
0.2482	0.48626375	0.083262116	
0.2483	0.48400733	0.08613007	
0.2484	0.48274726	0.08881056	
0.2485	0.48251438	0.09128039	
0.2486	0.48335266	0.09351637	
0.2487	0.4853206	0.09549537	
0.2488	0.4884925	0.09719441	
0.2489	0.49296	0.09859067	
0.249	0.49883333	0.09966157	
0.2491	0.5062422	0.1003845	
0.2492	0.5153359	0.10073635	
0.2493	0.52628154	0.10069199	
0.2494	0.53925943	0.10022103	
0.2495	0.55445385	0.09928114	
0.2496	0.57203686	0.09780462	
0.2497	0.59214234	0.09567391	
0.2498	0.6148275	0.09268232	
0.2499	0.6400217	0.08849326	
0.25	0.66746503	0.08267069	
0.2501	0.6966477	0.074936725	
0.2502	0.7267706	0.065633126	
0.2503	0.7567539	0.05578605	
0.2504	0.7853254	0.04647776	
0.2505	0.81120086	0.03833675	
0.2506	0.8333131	0.031558942	
0.2507	0.85095084	0.026113283	
0.2508	0.8637092	0.021893984	
0.2509	0.8713273	0.018801283	
0.251	0.8735437	0.016777309	
0.2511	0.8700454	0.015801784	
0.2512	0.8605413	0.015823556	
0.2513	0.8449734	0.016652102	
0.2514	0.82382566	0.017993089	
0.2515	0.79836816	0.01964465	
0.2516	0.77055275	0.02154363	
0.2517	0.7424165	0.023669153	
0.2518	0.7154028	0.025994848	
0.2519	0.6901798	0.028496936	
0.252	0.6668921	0.031161668	
0.2521	0.64545816	0.03398142	
0.2522	0.62574327	0.036948804	
0.2523	0.6076241	0.04005336	
0.2524	0.5910009	0.043280706	
0.2525	0.57579225	0.046613038	
0.2526	0.5619276	0.0500301	
0.2527	0.54934275	0.053510066	
0.2528	0.5379777	0.057030253	
0.2529	0.52777684	0.060567554	
0.253	0.5186898	0.06409871	
0.2531	0.51067233	0.06760043	
0.2532	0.50368726	0.07104946	
0.2533	0.49770567	0.074422576	
0.2534	0.49270704	0.0776966	
0.2535	0.4886803	0.08084836	
0.2536	0.48562425	0.08385469	
0.2537	0.4835483	0.08669241	
0.2538	0.48247325	0.08933829	
0.2539	0.48243213	0.09176913	
0.254	0.48347154	0.09396174	
0.2541	0.48565277	0.09589299	
0.2542	0.48905322	0.09753992	
0.2543	0.49376786	0.098879755	
0.2544	0.49991047	0.099889904	
0.2545	0.5076145	0.10054773	
0.2546	0.5170328	0.100829884	
0.2547	0.52833545	0.10071058	
0.2548	0.5417048	0.10015793	
0.2549	0.5573245	0.09912625	
0.255	0.5753625	0.097541034	
0.2551	0.59594226	0.09527183	
0.2552	0.61910254	0.09209069	
0.2553	0.6447433	0.08763589	
0.2554	0.67256373	0.08147083	
0.2555	0.7020033	0.07339518	
0.2556	0.73220855	0.06389435	
0.2557	0.76205474	0.054063987	
0.2558	0.7902499	0.044926673	
0.2559	0.8155315	0.037020344	
0.256	0.83689106	0.030484475	
0.2561	0.8536819	0.025265146	
0.2562	0.8655391	0.02125286	
0.2563	0.87221074	0.018353492	
0.2564	0.873427	0.016517565	
0.2565	0.8688688	0.015726645	
0.2566	0.85826695	0.015911845	
0.2567	0.84163547	0.016854074	
0.2568	0.8195864	0.018261269	
0.2569	0.7935345	0.019959936	
0.257	0.76550394	0.02190192	
0.2571	0.7374682	0.024066463	
0.2572	0.7107292	0.026426543	
0.2573	0.6858376	0.028960027	
0.2574	0.6628785	0.031654697	
0.2575	0.64175195	0.034503322	
0.2576	0.6223224	0.03749811	
0.2577	0.60447043	0.040627882	
0.2578	0.58809996	0.043877568	
0.2579	0.57313186	0.04722883	
0.258	0.5594967	0.050661054	
0.2581	0.54713094	0.0541522	
0.2582	0.5359752	0.057679474	
0.2583	0.5259747	0.06121972	
0.2584	0.51707983	0.06474964	
0.2585	0.50924754	0.06824596	
0.2586	0.502442	0.07168541	
0.2587	0.49663562	0.07504479	
0.2588	0.49180946	0.07830089	
0.2589	0.48795417	0.08143057	
0.259	0.48507032	0.08441063	
0.2591	0.48316926	0.08721788	
0.2592	0.4822738	0.08982911	
0.2593	0.48241937	0.09222109	
0.2594	0.483655	0.09437063	
0.2595	0.48604473	0.09625464	
0.2596	0.48966902	0.09785015	
0.2597	0.49462608	0.09913444	
0.2598	0.5010332	0.1000849	
0.2599	0.5090273	0.10067885	
0.26	0.5187647	0.10089266	
0.2601	0.5304183	0.100699835	
0.2602	0.54417163	0.10006676	
0.2603	0.56020766	0.09894406	
0.2604	0.578689	0.09724982	
0.2605	0.599728	0.09483978	
0.2606	0.62334347	0.09146401	
0.2607	0.6494051	0.08673781	
0.2608	0.6775704	0.08023385	
0.2609	0.7072285	0.071843535	
0.261	0.73747426	0.062190067	
0.2611	0.7671423	0.05241146	
0.2612	0.79492855	0.043458533	
0.2613	0.8195991	0.03578515	
0.2614	0.8402064	0.02948293	
0.2615	0.85616344	0.024480194	
0.2616	0.86713815	0.02066611	
0.2617	0.87288314	0.017953025	
0.2618	0.87311894	0.016299354	
0.2619	0.8675239	0.015685955	
0.262	0.85585684	0.01602295	
0.2621	0.8382124	0.017065873	
0.2622	0.8153341	0.01853191	
0.2623	0.78877205	0.020274987	
0.2624	0.7605986	0.022257997	
0.2625	0.7327045	0.024459347	
0.2626	0.7062522	0.02685187	
0.2627	0.6816877	0.029415175	
0.2628	0.65904725	0.03213836	
0.2629	0.6382174	0.035014406	
0.263	0.61906326	0.038035046	
0.2631	0.6014696	0.0411884	
0.2632	0.5853436	0.04445875	
0.2633	0.5706081	0.04782728	
0.2634	0.5571947	0.05127306	
0.2635	0.5450406	0.054773867	
0.2636	0.5340871	0.05830681	
0.2637	0.5242801	0.061848685	
0.2638	0.51557094	0.0653762	
0.2639	0.5079177	0.06886606	
0.264	0.5012859	0.07229501	
0.2641	0.49564934	0.07563984	
0.2642	0.49099067	0.07887736	
0.2643	0.48730215	0.0819844	
0.2644	0.48458612	0.08493778	
0.2645	0.48285583	0.08771429	
0.2646	0.48213622	0.09029071	
0.2647	0.4824649	0.09264381	
0.2648	0.48389345	0.09475042	
0.2649	0.4864886	0.096587434	
0.265	0.4903338	0.09813194	
0.2651	0.4955304	0.099361226	
0.2652	0.5021992	0.1002527	
0.2653	0.5104805	0.10078359	
0.2654	0.52053386	0.10092994	
0.2655	0.5325346	0.10066444	
0.2656	0.54666746	0.09995156	
0.2657	0.56311363	0.098737866	
0.2658	0.5820298	0.096933305	
0.2659	0.60351616	0.09437882	
0.266	0.6275704	0.09080196	
0.2661	0.6540307	0.08579781	
0.2662	0.6825119	0.07895921	
0.2663	0.7123535	0.07028189	
0.2664	0.74260074	0.06051695	
0.2665	0.7720526	0.05081962	
0.2666	0.7993995	0.042061277	
0.2667	0.82344276	0.034618687	
0.2668	0.8432965	0.028542968	
0.2669	0.8584289	0.023748806	
0.267	0.86853427	0.020125944	
0.2671	0.8733658	0.017593814	
0.2672	0.87263423	0.016117988	
0.2673	0.86601883	0.015675815	
0.2674	0.8533136	0.016153732	
0.2675	0.8347015	0.0172862	
0.2676	0.81106037	0.018805513	
0.2677	0.7840644	0.020591058	
0.2678	0.75581086	0.02261343	
0.2679	0.7280922	0.024849758	
0.268	0.7019352	0.027273186	
0.2681	0.67769337	0.029865095	
0.2682	0.655363	0.03261568	
0.2683	0.63482106	0.035517994	
0.2684	0.61593443	0.03856323	
0.2685	0.59859186	0.041738827	
0.2686	0.5827036	0.045028463	
0.2687	0.56819427	0.048412886	
0.2688	0.5549966	0.05187088	
0.2689	0.5430483	0.055380072	
0.269	0.53229135	0.05891749	
0.2691	0.52267236	0.06245989	
0.2692	0.5141438	0.06598398	
0.2693	0.50666493	0.06946646	
0.2694	0.5002024	0.072884075	
0.2695	0.49473152	0.076213636	
0.2696	0.49023652	0.079431936	
0.2697	0.4867113	0.08251581	
0.2698	0.48415992	0.08544207	
0.2699	0.48259753	0.08818751	
0.27	0.48205116	0.09072889	
0.2701	0.4825607	0.09304298	
0.2702	0.4841801	0.09510661	
0.2703	0.48697883	0.09689672	
0.2704	0.4910433	0.098390415	
0.2705	0.49647808	0.09956499	
0.2706	0.50340724	0.10039788	
0.2707	0.5119745	0.100866176	
0.2708	0.52234244	0.100945584	
0.2709	0.53468865	0.100607835	
0.271	0.54919845	0.099815264	
0.2711	0.5660508	0.09850992	
0.2712	0.58539575	0.09659288	
0.2713	0.60732	0.09388925	
0.2714	0.631799	0.090103626	
0.2715	0.6586378	0.084814526	
0.2716	0.6874085	0.077646814	
0.2717	0.71740067	0.06871104	
0.2718	0.74761254	0.05887278	
0.2719	0.77681196	0.04928179	
0.272	0.8036908	0.040725805	
0.2721	0.8270911	0.03351162	
0.2722	0.846189	0.027656158	
0.2723	0.8605026	0.023063894	
0.2724	0.86974716	0.0196267	
0.2725	0.8736734	0.017271504	
0.2726	0.87198246	0.015970076	
0.2727	0.86435866	0.015693227	
0.2728	0.8506385	0.01630173	
0.2729	0.83110094	0.017514171	
0.273	0.80675954	0.01908257	
0.2731	0.77939993	0.020909145	
0.2732	0.7511214	0.022969447	
0.2733	0.7236059	0.025239218	
0.2734	0.6977504	0.027692327	
0.2735	0.67382705	0.030311888	
0.2736	0.65179944	0.033088997	
0.2737	0.6315379	0.03601664	
0.2738	0.6129122	0.039085437	
0.2739	0.59581476	0.042282157	
0.274	0.5801588	0.04558992	
0.2741	0.5658706	0.048989072	
0.2742	0.5528836	0.052458145	
0.2743	0.5411363	0.055974633	
0.2744	0.5305713	0.059515487	
0.2745	0.5211361	0.06305745	
0.2746	0.5127841	0.06657722	
0.2747	0.5054757	0.07005149	
0.2748	0.499179	0.07345703	
0.2749	0.49387068	0.07677064	
0.275	0.48953652	0.07996912	
0.2751	0.486172	0.08302931	
0.2752	0.48378304	0.08592799	
0.2753	0.48238662	0.088641964	
0.2754	0.48201182	0.09114799	
0.2755	0.48270077	0.093422845	
0.2756	0.48450992	0.09544336	
0.2757	0.48751146	0.0971865	
0.2758	0.49179465	0.09862939	
0.2759	0.49746734	0.09974937	
0.276	0.5046568	0.100523844	
0.2761	0.5135101	0.100929774	
0.2762	0.52419263	0.10094245	
0.2763	0.536884	0.10053252	
0.2764	0.5517698	0.09965993	
0.2765	0.5690261	0.09826173	
0.2766	0.5887954	0.09622928	
0.2767	0.6111498	0.09337077	
0.2768	0.63604105	0.089367725	
0.2769	0.6632401	0.08378666	
0.277	0.692275	0.07629715	
0.2771	0.7223861	0.06713246	
0.2772	0.75252694	0.05725631	
0.2773	0.7814392	0.04779299	
0.2774	0.8078226	0.039445274	
0.2775	0.830565	0.032456942	
0.2776	0.84890383	0.026816217	
0.2777	0.862402	0.022420226	
0.2778	0.8707908	0.019164251	
0.2779	0.8738159	0.016982976	
0.278	0.87116987	0.015853122	
0.2781	0.86254644	0.015735785	
0.2782	0.84783244	0.016464943	
0.2783	0.82741004	0.017749175	
0.2784	0.8024286	0.01936353	
0.2785	0.7747707	0.021230023	
0.2786	0.746516	0.023326984	
0.2787	0.71922666	0.025628904	
0.2788	0.693677	0.028110713	
0.2789	0.67006785	0.030757176	
0.279	0.6483364	0.033560105	
0.2791	0.62834907	0.0365123	
0.2792	0.60997874	0.039603785	
0.2793	0.59312165	0.042820677	
0.2794	0.5776935	0.04614557	
0.2795	0.56362206	0.049558442	
0.2796	0.5508417	0.05303761	
0.2797	0.53929144	0.05656043	
0.2798	0.52891463	0.060103815	
0.2799	0.51965964	0.06364448	
0.28	0.5114809	0.067159116	
0.2801	0.50434005	0.07062444	
0.2802	0.4982065	0.074017204	
0.2803	0.49305832	0.07731422	
0.2804	0.48888284	0.080492295	
0.2805	0.4856772	0.08352825	
0.2806	0.48344907	0.08639888	
0.2807	0.48221737	0.08908097	
0.2808	0.48201317	0.09155128	
0.2809	0.4828809	0.0937866	
0.281	0.48487946	0.09576376	
0.2811	0.48808375	0.09745974	
0.2812	0.492586	0.09885172	
0.2813	0.49849716	0.09991705	
0.2814	0.5059478	0.10063311	
0.2815	0.5150882	0.1009767	
0.2816	0.5260864	0.10092261	
0.2817	0.53912383	0.10044028	
0.2818	0.55438584	0.09948698	
0.2819	0.5720451	0.09799419	
0.282	0.5922355	0.09584269	
0.2821	0.6150134	0.09282265	
0.2822	0.6403056	0.088592716	
0.2823	0.6678473	0.08271311	
0.2824	0.69712186	0.07491135	
0.2825	0.72732115	0.06554826	
0.2826	0.75735617	0.055667058	
0.2827	0.7859475	0.046349578	
0.2828	0.81180936	0.03821451	
0.2829	0.83387953	0.03144937	
0.283	0.85145545	0.026018431	
0.2831	0.8641397	0.021813918	
0.2832	0.8716749	0.018735604	
0.2833	0.8737999	0.01672599	
0.2834	0.8702003	0.015765244	
0.2835	0.8605842	0.01580145	
0.2836	0.84489644	0.016641708	
0.2837	0.82362944	0.017990787	
0.2838	0.7980667	0.01964878	
0.2839	0.7701719	0.02155428	
0.284	0.7419843	0.023686746	
0.2841	0.71494025	0.026019713	
0.2842	0.6896992	0.028529432	
0.2843	0.66639996	0.031202203	
0.2844	0.6449589	0.034030374	
0.2845	0.6252404	0.037006464	
0.2846	0.6071207	0.040119883	
0.2847	0.59049976	0.043356117	
0.2848	0.5752957	0.046697266	
0.2849	0.5614374	0.05012297	
0.285	0.5488602	0.053611346	
0.2851	0.5375037	0.05713965	
0.2852	0.52731204	0.06068474	
0.2853	0.5182344	0.06422333	
0.2854	0.5102263	0.06773209	
0.2855	0.5032506	0.07118775	
0.2856	0.497278	0.07456708	
0.2857	0.49228808	0.077846885	
0.2858	0.48826972	0.08100397	
0.2859	0.48522165	0.08401517	
0.286	0.48315334	0.08685725	
0.2861	0.48208562	0.08950701	
0.2862	0.4820516	0.0919412	
0.2863	0.483098	0.09413661	
0.2864	0.4852862	0.096070096	
0.2865	0.48869383	0.09771866	
0.2866	0.49341604	0.099059515	
0.2867	0.49956697	0.10007002	
0.2868	0.5072804	0.10072752	
0.2869	0.5167097	0.10100864	
0.287	0.52802557	0.10088757	
0.2871	0.5414108	0.10033238	
0.2872	0.55705017	0.09929733	
0.2873	0.5751123	0.097707786	
0.2874	0.5957214	0.09543291	
0.2875	0.618917	0.09224382	
0.2876	0.6445991	0.08777695	
0.2877	0.6724663	0.08159312	
0.2878	0.70195633	0.07349123	
0.2879	0.73221314	0.063961096	
0.288	0.76210815	0.054105114	
0.2881	0.7903458	0.044948895	
0.2882	0.8156612	0.03702961	
0.2883	0.83704567	0.030484885	
0.2884	0.85385424	0.02525924	
0.2885	0.8657244	0.02124208	
0.2886	0.872406	0.018338576	
0.2887	0.87362975	0.016498936	
0.2888	0.8690761	0.015704943	
0.2889	0.85847306	0.015888426	
0.289	0.84183174	0.016830614	
0.2891	0.81976104	0.018238712	
0.2892	0.79367495	0.019938638	
0.2893	0.76560104	0.021882351	
0.2894	0.737519	0.024049267	
0.2895	0.7107359	0.026412336	
0.2896	0.6858049	0.02894932	
0.2897	0.6628115	0.031647917	
0.2898	0.6416557	0.034500845	
0.2899	0.6222012	0.03750026	
0.29	0.6043281	0.040634945	
0.2901	0.5879398	0.04388978	
0.2902	0.57295644	0.047246393	
0.2903	0.5593083	0.050684128	
0.2904	0.5469313	0.054180913	
0.2905	0.5357658	0.05771392	
0.2906	0.5257566	0.06125996	
0.2907	0.51685387	0.06479573	
0.2908	0.50901425	0.06829792	
0.2909	0.5022017	0.071743265	
0.291	0.49638838	0.07510853	
0.2911	0.4915553	0.07837052	
0.2912	0.48769286	0.08150605	
0.2913	0.4848015	0.08449194	
0.2914	0.4828924	0.08730497	
0.2915	0.4819883	0.08992192	
0.2916	0.4821245	0.09231954	
0.2917	0.48334992	0.094474636	
0.2918	0.48572847	0.09636408	
0.2919	0.48934048	0.0979649	
0.292	0.49428415	0.09925432	
0.2921	0.5006767	0.10020974	
0.2922	0.50865513	0.10080845	
0.2923	0.51837575	0.10102682	
0.2924	0.53001183	0.10083839	
0.2925	0.5437473	0.100209676	
0.2926	0.5597659	0.09909157	
0.2927	0.57823116	0.09740263	
0.2928	0.5992572	0.09499941	
0.2929	0.62286484	0.09163295	
0.293	0.64892626	0.086918734	
0.2931	0.67710173	0.08042634	
0.2932	0.70678294	0.07203927	
0.2933	0.7370666	0.06237395	
0.2934	0.76678765	0.052570976	
0.2935	0.79463977	0.043589022	
0.2936	0.819385	0.03588758	
0.2937	0.84007096	0.029560411	
0.2938	0.85610765	0.024535935	
0.2939	0.8671623	0.02070256	
0.294	0.8729885	0.017971588	
0.2941	0.87330806	0.016300635	
0.2942	0.8677985	0.015670963	
0.2943	0.8562142	0.015995057	
0.2944	0.83864045	0.01703046	
0.2945	0.81580794	0.018492753	
0.2946	0.78925616	0.020233361	
0.2947	0.7610575	0.02221455	
0.2948	0.73311496	0.024414934	
0.2949	0.7066056	0.026807293	
0.295	0.6819851	0.029371018	
0.2951	0.65929353	0.03209504	
0.2952	0.6384181	0.034972303	
0.2953	0.61922336	0.037994534	
0.2954	0.6015933	0.041149877	
0.2955	0.5854345	0.044422634	
0.2956	0.57066905	0.047793996	
0.2957	0.5572283	0.05124302	
0.2958	0.545049	0.054747473	
0.2959	0.5340721	0.05828445	
0.296	0.5242431	0.06183073	
0.2961	0.51551324	0.065363005	
0.2962	0.5078402	0.06885797	
0.2963	0.50118923	0.07229234	
0.2964	0.49553382	0.07564293	
0.2965	0.49085647	0.07888651	
0.2966	0.48714912	0.08199992	
0.2967	0.48441386	0.08495996	
0.2968	0.48266372	0.08774342	
0.2969	0.4819233	0.090327054	
0.297	0.48223007	0.092687644	
0.2971	0.4836352	0.09480198	
0.2972	0.48620513	0.09664696	
0.2973	0.49002302	0.098199636	
0.2974	0.49518993	0.099437274	
0.2975	0.50182635	0.10033728	
0.2976	0.51007235	0.10087687	
0.2977	0.52008736	0.10103212	
0.2978	0.5320467	0.10077583	
0.2979	0.5461353	0.10007274	
0.298	0.5625353	0.09886997	
0.2981	0.5814047	0.097078584	
0.2982	0.6028459	0.0945414	
0.2983	0.6268602	0.090988524	
0.2984	0.6532901	0.08601645	
0.2985	0.6817564	0.07921296	
0.2986	0.71160406	0.07055853	
0.2987	0.7418838	0.06079007	
0.2988	0.77139705	0.0510654	
0.2989	0.7988326	0.042268552	
0.299	0.82298535	0.034786124	
0.2991	0.84296083	0.028673558	
0.2992	0.8582208	0.023846433	
0.2993	0.8684575	0.020193733	
0.2994	0.87342525	0.017633494	
0.2995	0.8728361	0.016130215	
0.2996	0.8663683	0.015662173	
0.2997	0.8538088	0.01611979	
0.2998	0.8353252	0.017240226	
0.2999	0.8117745	0.018752784	
0.3	0.78481406	0.020533143	
